1
10
784
-0.205994
0.0828925
-0.134648
-0.193349
-0.139496
-0.127006
-0.124215
-0.158565
-0.0892616
-0.162949
0.0266151
-0.0965217
-0.0870184
0.0348773
0.0288191
0.0599225
-0.02455
-0.0363173
0.0756619
0.0336071
-0.00753621
-0.0149637
0.0525517
-0.00758264
0.0727169
0.0440289
0.0584565
-0.016456
-0.0428263
0.032661
0.0639619
0.0320311
-0.0866287
0.00344443
0.0694501
-0.0957045
0.0747712
-0.0622742
0.0856725
-0.0249617
0.0375775
-0.0172972
0.0209824
-6.35216e-05
0.0676208
0.0654295
-0.0363738
-0.00122245
0.0279654
-0.0880952
-0.0725206
-0.0071541
-0.0176275
-0.0329198
-0.00344236
0.0217869
-0.119986
0.0369377
0.0360981
-0.0408078
0.0671716
0.0863282
0.0887081
-0.0825972
0.00397527
-0.0293654
-0.00961313
0.0376768
0.0151997
-0.0174154
-0.0790106
-0.0988468
-0.0614619
-0.00538749
0.0212645
-0.0235686
-0.0174528
-0.0547684
0.017483
0.0897986
-0.0879652
-0.0834666
0.0814964
0.0294404
0.0750111
0.071985
-0.0798281
-0.0624502
0.0485042
0.0955337
0.0672979
-0.0675693
0.0668237
0.0611379
-0.00944279
0.0418398
-0.0405033
0.0818822
0.0142172
-0.0584258
-0.0196673
-0.0783819
0.0378307
0.0184365
-0.0300847
-0.0286275
-0.0319962
-0.103586
0.0229308
-0.011875
-0.0499283
0.0745453
-0.0585842
0.0293761
0.0107339
0.0639559
-0.00497367
0.0401295
-0.0343998
-0.0290932
0.00335127
-0.0611591
0.0791227
-0.0943547
-0.046296
0.0294484
-0.0290651
-0.079935
-0.0216107
-0.0680638
0.0873774
-0.0344181
-0.0168849
-0.0343063
-0.0791078
-0.0944883
-0.0566495
-0.0675154
-0.0702728
-0.0433852
0.103347
0.000180508
-0.00998426
-0.128023
0.0225973
-0.0308148
0.0354726
0.0234259
0.0695115
-0.0179899
-0.0162015
-0.0518497
-0.0452479
0.010487
-0.0748419
-0.0728831
-0.0905964
-0.0746782
0.00466812
0.0594087
0.0523737
-0.00533417
-0.0154488
-0.0122661
0.00608269
0.0343865
0.00159307
0.00417317
-0.00870366
-0.0495232
0.0325563
-0.0565086
-0.13266
0.0117139
-0.0104965
-0.0700737
0.0760721
-0.0319398
0.0227975
-0.0338751
0.0552937
0.00120743
0.0696169
0.0914919
0.0125127
0.0126186
0.0863359
-0.0332578
-0.101071
-0.019964
-0.0268339
0.028835
-0.0293446
-0.0409023
-0.0575513
0.00221063
0.043166
0.000671695
-0.0545829
-0.00747543
0.0244565
0.0624246
0.0355537
0.0692152
0.0320967
-0.0485603
0.0523546
-0.0439608
-0.0229619
0.0481797
0.0304858
-0.0198801
-0.0675976
-0.0609517
-0.00316476
-0.0112022
-0.100304
-0.101854
0.0229316
-0.0622438
0.0203316
0.0696151
0.088207
-0.0368066
0.00735999
0.0640942
0.0640269
0.0304184
0.0155153
0.0616612
0.0699342
-0.0920439
-0.0125354
-0.0594302
0.0752333
0.0667623
0.0172671
0.0125802
-0.01427
-0.0724885
0.0758743
-0.0615903
-0.0116653
0.0835941
0.0451553
-0.00170476
0.0154084
0.0800046
-0.0407702
0.0553909
0.0164232
0.074017
-0.0633612
-0.0502323
0.0484286
0.103769
-0.00680058
-0.0601571
-0.0708084
-0.0450539
-0.0618129
-0.0365209
-0.0924302
-0.0557638
0.0818263
0.0734151
0.0778091
-0.0433189
-0.0343717
0.0129028
-0.00561228
0.0557983
-0.104616
-0.0927893
0.0440711
0.0479808
-0.100174
0.0577463
-0.0859533
-0.0449569
-0.10181
0.0486176
-0.072127
0.0906235
0.112714
-0.0261363
-0.0334993
0.0957234
-0.0477701
0.0899739
0.0145783
0.0148315
0.0957582
-0.031618
0.0736916
-0.0204159
-0.0836948
0.078935
0.0382533
-0.0198582
0.010539
-0.008094
0.00883935
0.0445368
-0.0843126
-0.0894911
-0.0194469
-0.119914
0.00952517
0.0310068
-0.0857393
0.0807969
0.0408484
0.0867134
-0.0441395
0.080852
0.0680151
0.0572771
0.0322106
0.059311
0.0259497
-0.00351119
-0.0308311
0.0127753
-0.0699781
-0.0742452
0.0776208
0.044767
-0.0760066
0.0358752
-0.00480222
0.0106613
-0.131167
-0.110966
-0.0595422
-0.16879
-0.0178469
-0.00699407
0.0131148
-0.0193629
0.0556129
0.122083
0.0596538
-0.0186911
0.0222519
-0.0085588
0.045862
-0.0952239
-0.0394774
0.0090655
-0.0404485
0.0259299
-0.0677928
0.0612664
-0.0298409
-0.0982559
-0.0429509
0.0505967
-0.0552265
-0.0631747
-0.0677878
-0.0721389
-0.107676
-0.0964048
-0.127592
-0.152169
-0.0748776
0.0270475
0.102387
-0.0138687
0.0525473
0.0168475
-0.0648499
0.0509915
-0.0950982
0.0983844
0.015773
0.072397
0.0199719
-0.0268426
0.0968113
0.0877112
-0.0880628
-0.0826025
0.00136327
-0.0439767
-0.136565
-0.093408
-0.00269222
-0.0114388
-0.166877
-0.121801
-0.0461172
-0.158578
0.0495122
-0.0318296
-0.0296901
-0.0502213
0.0684328
0.000111464
0.0912488
-0.0271268
-0.00842716
0.0602049
-0.095278
-0.0783726
-0.0705159
0.0793325
0.0833798
-0.00333895
0.0458589
0.0602482
0.0576733
0.00999778
-0.043848
-0.132368
-0.122993
0.0126953
-0.170164
-0.0559972
-0.0658968
-0.0062435
-0.00436525
-0.0279511
-0.042592
0.111064
0.0944014
-0.0373358
0.0361305
-0.0569648
-0.0919159
0.065217
-0.0873261
0.0943607
-0.0918327
-0.0447227
-0.101055
0.0781621
-0.0257939
-0.0627058
0.0248376
-0.052291
0.0116784
-0.0260123
0.0173637
-0.0182856
-0.0753506
-0.0725039
-0.026016
-0.0544091
-0.0768204
-0.0174694
-0.0223772
0.0103454
-0.0555818
0.0558806
0.0798035
0.049421
0.0750528
-0.0370914
0.0415014
0.0281404
0.0447646
-0.0347944
-0.0404607
0.0538262
-0.0922229
0.05974
-0.0598838
-0.00189599
0.0348792
-0.0188528
-0.0895475
-0.0624954
-0.106385
-0.119704
-0.0437361
0.0181154
-0.0140509
-0.0632139
-0.0250863
0.0799196
0.063696
0.0202905
0.0748044
0.0739149
-0.045561
0.0718614
0.0695905
0.000730381
-0.00968142
-0.056394
0.0453931
0.0105515
0.0195243
0.0233398
-0.0618575
0.0561202
-0.125078
-0.0388987
-0.0541384
0.080532
0.0206187
0.0103231
-0.0467467
0.0492021
-0.0636647
-0.0527595
0.0806431
-0.0487067
-0.0274285
0.0839468
0.00630059
-0.0528487
-0.0685352
-0.0869038
0.0999261
0.0671978
-0.0775972
0.0679731
-0.0828094
-0.00717902
0.0485987
0.0266877
0.0667789
-0.0715731
-0.0211181
-0.0690666
-0.066851
-0.0499164
-0.040541
-0.0254922
-0.0652455
-0.0737982
0.0538234
-0.0971851
0.00956106
0.0757422
-0.0573562
-0.0492294
0.0710993
-0.0184523
0.00430563
0.00615478
0.0838632
0.0297025
0.0484177
-0.0224462
0.0563771
-0.0206105
0.089303
-0.0681149
0.0193202
-0.0880054
-0.00659261
0.0352533
-0.00915604
-0.0197965
0.125507
0.0675109
0.023779
0.0334686
-0.0328328
-0.00213918
0.0630841
-0.0365678
0.0779907
-0.019843
-0.00242256
0.0264818
-0.0526271
0.0147334
0.0963302
0.0250778
-0.0645316
-0.0212348
-0.051558
-0.0926353
0.0576526
0.0098864
0.0355459
-0.0635266
-0.0165175
-0.00298453
-0.0929883
-0.0669028
0.0647801
0.0711125
0.00514996
0.00893275
0.0546449
0.0285655
-0.0346163
0.088777
0.059942
0.109349
-0.00607574
-0.0893811
0.0386798
-0.0112571
-0.0933832
0.0273115
-0.00595747
-0.0416579
-0.0477005
0.0560354
-0.0455745
-0.0881106
-0.0273412
-0.0814011
-0.00348793
-0.0550725
0.0499879
-0.0171382
0.0583595
0.0723
-0.0804088
0.00731041
-0.0652382
-0.011179
-0.0427214
0.0687272
-0.0461372
-0.0338171
0.0621137
-0.00887143
-0.0379343
-0.0871225
-0.051113
-0.0351225
-0.0660672
-0.0600416
-0.0319785
-0.0392794
0.0309023
0.087331
-0.00295812
-0.00117529
-0.0540427
-0.0259483
0.061693
0.0707369
0.0523328
0.0858857
0.00169813
-0.00320778
0.0842029
0.0459155
0.0483402
-0.0722265
-0.0406818
0.0111749
0.0529019
-0.0682198
0.0313408
0.0646366
-0.0937882
0.0654481
0.0802968
-0.0997344
0.0608085
0.0895352
0.0765617
-0.0373947
0.0907424
-0.0496068
-0.078719
-0.0274772
0.00711855
0.00913195
-0.0576278
-0.049903
-0.0284318
-0.0214189
0.0234284
-0.0869821
0.0611805
-0.0309979
0.0839932
0.0838844
-0.0649601
-0.0231924
-0.0418505
-0.0494479
-0.0543966
0.0930991
0.0520839
-0.0914956
-0.0351828
0.0612816
-0.0134922
-0.0379099
-0.0492105
0.0811575
-0.0567948
0.00205487
0.00055346
0.0166469
-0.094538
0.0222747
0.0749808
-0.00136879
0.0377068
-0.0341717
-0.0893862
0.0481446
0.0843841
0.0893348
0.0938064
-0.0726277
0.00832019
0.048644
-0.0214874
-0.0124616
-0.0611669
0.0309603
0.0295472
0.000541439
0.00824909
0.0418873
-0.093656
-0.00793977
0.0390368
0.0738795
0.0870894
-0.0287848
0.0697125
-0.112614
0.0759449
-0.0234244
-0.0851367
-0.0435307
-0.0492153
0.0402227
-0.0845844
0.00121132
0.029625
-0.0316528
0.0142542
0.0580273
-0.0334427
0.0935377
0.0465603
-0.0657906
-0.0295348
-0.0789813
0.0147182
0.0454252
-0.0711549
0.0468763
0.0276233
-0.0526231
-0.0925031
-0.0709704
0.0146077
0.0284903
-0.0615165
-0.0360894
-0.0767603
-0.0964821
-0.0245371
0.058335
0.0269203
-0.0285463
0.0218528
0.0814635
0.0350151
0.0475942
-0.059387
0.0319408
0.0551523
0.0141712
0.0630744
-0.0722731
0.0864307
0.0778813
-0.0305705
0.0922789
0.0567093
-0.0575103
-0.0947741
-0.08718
-0.0704569
0.000784572
-0.045327
0.0378474
-0.084609
0.0696442
-0.070844
-0.0708494
-0.063854
0.0307327
-0.0898148
-0.0333458
-0.0421099
0.0349054
-0.00272659
0.0818862
0.00197536
0.033682
0.000650491
-0.0336324
0.0768116
-0.0791404
-0.064653
0.0479613
0.0479093
-0.0193931
-0.0366869
0.0493876
-0.0524311
-0.0218255
-0.0278156
-0.0580215
-0.0575401
-0.00641798
0.014155
-0.0140789
-0.0339015
-0.0648068
-0.0619676
0.0568169
-0.0174987
-0.040488
-0.0434793
0.068744
-0.0392276
-0.0896431
0.0295673
-0.0847313
0.050569
-0.0339392
-0.0502237
-0.043259
-0.0711125
0.0158416
-0.0193894
-0.0651583
-0.0450005
-0.0860631
-0.0829053
-0.102151
0.0219451
-0.000366914
0.0256224
0.0602662
-0.0515473
-0.0725185
-0.0454263
-0.05513
-0.0542819
-0.084235
-0.0323682
-0.00886339
-0.0412795
0.0841186
-0.0352961
0.085443
0.000642507
-0.0711988
-0.0982381
0.0175079
0.0236989
0.0879952
0.0894058
-0.0490788
-0.0252214
-0.0368457
-0.0110736
0.00816413
-0.00626985
0.0704507
0.0190035
0.0546243
0.0338692
-0.0889382
0.0578234
-0.0616832
-0.00167601
-0.0904152
0.0938061
0.0736631
0.0222805
-0.0144001
-0.0202971
0.0280056
0.0242106
0.070315
0.0522941
-0.0135241
-0.0778517
-0.0918418
0.0176878
-0.0983912
-0.113979
-0.102308
-0.00988532
0.0581974
-0.0549541
0.0386601
0.0406129
0.0495151
-0.0667721
0.0380352
0.0400992
0.082376
0.0129924
0.0932603
-0.0666599
0.0683421
0.0305887
0.0306848
0.0158847
-0.0931896
0.00485223
0.0269978
0.0133544
0.0535154
0.00975945
0.0210747
-0.00116512
-0.109322
-0.0131963
-0.108729
0.00756338
0.00501352
-0.00963613
-0.0408801
-0.0518823
-0.0668882
-0.084828
-0.0508926
-0.0475334
-0.0679127
-0.0240738
-0.0687547
-0.0673909
0.0603488
-0.00895641
-0.0438778
-0.0996742
-0.0160597
-0.0837708
-0.0302679
-0.00489011
0.0659371
-0.106393
-0.0236151
-0.0908851
0.078634
-0.0833485
-0.061856
0.0340452
0.0446613
-0.0783897
0.0286994
-0.0603615
0.0915439
0.0188782
-0.0648704
-0.0670688
0.013358
-0.0579521
0.0659293
0.0497513
-0.0238948
-0.0125336
0.0681212
0.0986001
-0.0677009
-0.0525518
-0.0143256
-0.118966
-0.063473
-0.0300326
0.0319289
-0.0518958
-0.0535714
-0.0565761
-0.0526519
-0.00914325
0.0693622
-0.0914801
-0.0884372
-0.0859335
-0.0810566
-0.0926899
-0.0590954
-0.0970388
0.0698955
-0.00574019
-0.00892976
0.0819077
0.00270606
-0.0562573
0.0966431
-0.0200063
-0.0956138
-0.0539851
-0.0946337
0.0411834
0.028248
0.0095926
-0.00921581
-0.0614896
-0.0786855
-0.10599
-0.0980066
-0.0709684
-0.109824
-0.0232542
-0.0574289
-0.0841436
-0.0561715
0.049715
0.0553969
0.0896273
0.0315319
0.0312042
-0.0324868
0.00863173
0.000477112
-0.0171223
0.0683949
-0.08184
0.0863977
0.0388694
-0.0545516
0.0224359
0.0639369
-0.0504122
0.0920082
0.118987
-0.0355484
-0.0879011
0.0592624
0.005124
-0.0234507
-0.102868
-0.0791639
-0.0194291
0.0196021
0.076453
-0.0975756
-0.0809646
-0.0441609
-0.0843788
0.0487081
0.0707986
0.0426203
-0.097009
0.0516203
0.0957734
-0.0963579
0.0417551
0.054912
-0.0720849
-0.105668
-0.0548158
-0.069117
0.0347466
0.0147619
0.0238305
0.00792234
0.0558029
0.0232464
-0.0880345
0.0231455
0.063482
0.00767549
-0.00204506
0.0224043
-0.000317991
-0.0810145
-0.0812953
-0.0929368
-0.0209148
-0.0845138
-0.081133
-0.0988455
0.0479751
-0.0789165
0.0700445
-0.118049
-0.0525641
0.0503472
-0.0733709
0.113797
0.090612
0.0586631
0.0749515
0.0280419
0.00911151
-0.134427
0.0111821
-0.069139
-0.0522681
-0.0422172
-0.0582545
-0.0530479
-0.0837732
0.0828399
0.0544275
0.0388062
-0.0302878
0.0842036
-0.000473784
-0.0412512
0.0338555
0.0542486
-0.0729693
0.0438345
0.0190416
-0.120037
-0.0921424
0.0797597
0.0660036
0.0790695
-0.0084172
-0.0950851
-0.0428422
-0.113685
-0.0837305
-0.0803234
-0.0292847
-0.071956
-0.0819035
0.0847794
0.0952066
-0.0920294
0.0817816
0.0808045
-0.026367
0.0152773
-0.0985442
-0.0294195
-0.0338385
0.0223451
-0.0943965
0.0241273
0.0386568
0.0197576
0.0010694
-0.0365424
-0.0345432
-0.0447551
0.0098087
-0.0193997
-0.123737
-0.00330733
-0.0205794
0.0364759
0.031716
-0.0964472
0.0615076
-0.00278902
0.0832875
-0.0543031
0.0269855
-0.075391
0.0232623
0.0594008
-0.0874678
0.044906
0.0439495
0.0125512
0.0248435
0.0397436
0.000223585
-0.102362
-0.00404281
-0.0662753
-0.0741166
-0.0695451
0.03566
-0.0147165
-0.0540677
0.0271409
-0.122444
-0.0397825
-0.107925
0.0662016
-0.088176
0.0865818
0.0610524
0.00305485
-0.03645
-0.0817726
0.0148364
-0.0840145
-0.0258271
-0.0124546
0.0862432
-0.103739
-0.0187262
-0.0774811
-0.0648726
-0.00645969
-0.0248666
0.0530171
-0.0400908
0.0291973
-0.165985
-0.0410715
-0.10464
-0.0948631
-0.0405475
0.0186682
0.0180293
-0.0858316
0.0088626
0.0897399
-0.0644824
0.0699349
-0.00335711
-0.0853119
-0.0813648
0.0986562
-0.0532405
-0.0730383
-0.0899979
-0.103494
-0.00239661
-0.0320471
0.00863424
0.0133006
0.0864372
-0.0726017
-0.144943
-0.114778
-0.00769567
-0.0287865
-0.0378607
-0.00424561
-0.0399593
-0.103201
-0.0627742
0.0544205
-0.0618013
-0.0866768
-0.0558335
-0.0924378
0.0213762
0.0367233
0.0744021
-0.0456634
0.00818437
-0.0777081
0.0700972
-0.0709528
-0.0607751
0.00934362
-0.0529336
-0.0628917
-0.0308969
0.0323517
-0.00554815
-0.112827
-0.150552
-0.0152772
-0.0180868
-0.0403087
0.0219038
0.0580477
0.00501862
-0.104471
0.0164455
-0.0356857
-0.0462238
0.0518498
0.0296425
-0.0638942
0.0534522
-0.0190769
0.0361902
-0.0786256
-0.100899
-0.104078
-0.0453147
-0.0361533
0.0337398
0.0219033
0.00196649
-0.112692
-0.0784555
-0.139471
-0.15604
-0.0884241
-0.0937295
-0.0627832
-0.0796199
-0.0716263
0.0321888
-0.0112611
-0.113574
0.0405773
-0.0581743
0.0866862
-0.0476407
-0.0433773
-0.0158629
0.080002
0.0446907
-0.0660428
0.00593716
-0.0218007
-0.00360438
-0.13636
-0.0256867
0.0134601
0.046981
-0.0693484
0.0569133
0.00407193
-0.114585
-0.0851854
0.0562005
0.00394081
-0.0244836
-0.0831481
0.0264106
-0.127978
-0.0625524
0.0729693
-0.0112394
0.0751271
-0.0360785
-0.0498146
0.0332972
-0.0930453
-0.0282792
0.0353847
0.0673026
-0.110284
-0.097232
-0.0683389
0.0677828
-0.0941449
-0.0412221
0.0556976
-0.0819216
-0.150181
-0.0525358
-0.112712
-0.0337043
0.00476131
-0.0245334
-0.026071
0.0470505
0.0549743
-0.035716
0.000497657
0.00189301
-0.0100087
-0.0397758
-0.0138873
0.0288815
-0.0704478
0.0653685
-0.0931039
0.0189254
0.0156208
-0.0690693
-0.115924
0.0452999
0.0746244
-0.0312415
0.0649542
-0.0820113
-0.121981
-0.11295
-0.0226415
0.0310373
-0.0503373
0.0141049
-0.0465355
-0.0899186
0.0178845
-0.0966427
-0.103919
0.0431689
-0.012935
0.0539352
-0.0158128
0.0686788
-0.0589935
-0.0940212
-0.0621152
-0.099692
-0.0100315
0.06593
-0.0476131
0.0141911
0.0300011
-0.112651
0.0598666
-0.146887
-0.0374431
-0.0489664
-0.0312896
0.031668
0.0508266
0.0390248
-0.0474263
-0.01775
0.0600525
-0.036192
-0.0631646
0.0042097
-0.0824424
-0.0905922
-0.0246239
-0.0320401
0.0988
-0.0664363
-0.0200226
0.0681633
-0.0767284
-0.0806451
-0.0821895
-0.0131971
0.0597483
-0.0640776
-0.00329735
-0.064326
0.0161237
-0.144841
-0.0960416
0.00135475
-0.0325801
-0.0357277
-0.101257
-0.103295
-0.0113804
0.0207553
0.0554278
0.0147501
0.0996061
0.0620116
0.0873054
0.0452554
-0.0934994
0.0395758
0.0349911
-0.0153828
0.0658656
-0.102081
0.0437752
-0.090535
0.036906
-0.0703827
0.0404515
-0.0813216
-0.0796676
0.00584641
-0.0433551
-0.0698299
-0.0885946
-0.0965315
0.0443932
0.00407147
-0.0998216
-0.0324754
-0.052698
-0.0520095
-0.0303443
-0.0543005
-0.00149533
0.0827175
0.0268726
0.0720185
-0.0687925
-0.0142283
-0.0649389
-0.0618878
-0.0687421
-0.0757781
0.0549486
0.0562929
-0.111421
-0.059241
0.0529386
-0.0125346
-0.0876502
0.039769
-0.0096553
0.0495636
0.00747753
0.0316247
0.0600198
-0.0235254
0.0319014
-0.0175028
0.0465589
-0.0563656
-0.0914647
-0.0192688
0.0024527
-0.0367841
0.0528477
0.00100474
-0.0913376
-0.106113
0.0633179
0.0132496
-0.0195613
-0.0239577
0.0406587
-0.0256944
0.073959
-0.0348223
-0.107068
-0.0819319
-0.0609656
0.024139
-0.092985
0.0345016
-0.0995489
-0.101891
-0.0212303
-0.0415135
-0.0127139
-0.021182
-0.0337485
-0.0767039
-0.0989719
-0.0833462
0.00603133
0.0654043
0.0767102
0.0293624
0.0563585
0.0139076
-0.0223999
-0.030861
-0.0639529
0.00904145
0.0675819
0.0535511
-0.0784786
0.000720087
-0.0174492
-0.0925774
-0.0908151
0.0541043
-0.0572305
-0.0346167
-0.100055
-0.0609005
-0.0752371
-0.0423778
0.0141951
-0.0472587
0.0415828
-0.0267451
-0.0435708
0.0195979
-0.0630181
0.092601
0.0341623
0.0671116
-0.0486371
0.0519844
-0.0223832
0.0598725
-0.0358064
0.0813263
0.000256505
-0.0441972
0.0435622
-0.082334
-0.0678412
0.0106375
-0.0176896
-0.0612197
-0.0214731
-0.0209846
-0.0122683
-0.0925464
0.0360676
0.0679578
0.0557741
-0.0394258
-0.0204829
0.08027
-0.0623168
-0.0764008
0.0902238
-0.0554924
0.0507389
0.0226515
-0.00309605
-0.0214436
0.0233399
-0.047103
-0.0463495
-0.0548458
0.0751814
-0.0234352
-0.100621
-0.082142
-0.0781888
-0.0145577
-0.096512
-0.0916072
-0.00300867
-0.0160732
-0.0191386
-0.00256296
-0.00420668
-0.031402
0.0760223
-0.0267369
-0.0113407
0.0566089
0.0916723
-0.0359824
0.0877327
-0.0899965
0.0745846
0.0931455
-0.0314776
0.0305075
-0.072437
-0.0888246
0.0161512
0.0114302
-0.0769507
0.0132421
-0.0377745
0.00989343
-0.027707
0.00205289
0.0666518
-0.027927
0.0979408
-0.0154936
0.0305417
0.096394
-0.0408592
-0.00465584
0.0237616
-0.0290783
0.0205401
0.0119585
0.054787
-0.0337467
-0.0289499
0.0593259
0.0677996
0.078543
-0.0816134
-0.00448694
0.0152971
0.030691
-0.00209928
0.0591601
0.0700753
0.0907941
-0.0884309
0.0913163
-0.0885156
0.00284311
-0.028451
-0.0295771
0.0970161
-0.0487571
0.0392491
0.0738903
-0.0945714
0.00647748
0.0562937
0.0279267
0.0436948
0.0208024
-0.034606
-0.0910748
-0.0895914
-0.0733076
-0.092395
0.0435198
-0.00118206
0.00935073
-0.0648125
-0.0600487
-0.00841784
0.0931387
0.00591191
0.00252332
-0.0355581
-0.0568528
-0.0550785
-0.0882783
0.0639032
0.0783955
-0.0477338
0.0966699
0.093997
0.0424313
0.0457903
-0.0272729
-0.0328379
-0.00238612
0.0223955
-0.0517883
-0.0864656
-0.00713685
0.0430564
0.012521
-0.0227795
-0.107018
-0.00936314
-0.0238665
-0.0826961
0.0504049
0.0157814
0.0399429
-0.0613223
-0.0955288
0.0158781
-0.0648967
0.0434782
-0.0696273
0.0547514
-0.0297669
-0.0268571
0.0581923
-0.034715
-0.0594678
0.055925
0.0472591
0.0503673
-0.138507
0.00975706
-0.109113
-0.06527
-0.0895573
0.0502027
0.0236376
-0.104875
-0.065717
0.0215801
0.0724787
0.0446137
-0.0630514
-0.0512104
0.0406777
-0.0558194
0.0907336
-0.00677961
-0.0305358
0.0690708
0.0146237
0.0251375
-0.0350047
0.0356601
-0.0483397
-0.0922462
0.0483826
0.000884976
-0.122798
-0.0626545
-0.116817
-0.0278482
-0.0353617
-0.0340293
-0.131002
-0.0494862
-0.044871
-0.0463872
0.0171237
0.092281
0.0068609
0.0888674
-0.0787288
0.0170119
0.0123008
-0.0352984
0.0762995
-0.0812408
-0.0859298
-0.0112984
-0.0185556
-0.0205719
-0.0156969
-0.0183825
-0.0917209
0.023957
-0.0166639
-0.0588
-0.0196396
0.0169939
0.0300219
-0.101074
-0.124227
-0.0371703
-0.113809
-0.00301366
-0.0313874
-0.0578326
0.0531632
0.0168696
-0.0880311
0.0596662
-0.0369626
0.018808
-0.0219702
-0.0561149
-0.074272
-0.0293641
0.0112558
0.0199723
-0.0893799
-0.0867039
0.0115647
-0.089701
-0.0276075
-0.049212
0.0468338
-0.129662
-0.0468701
0.0248275
0.0238432
0.0571869
0.0517978
0.070874
-0.0467839
-0.0970038
-0.0980162
-0.0250651
-0.0221683
0.0179905
0.0979327
-0.0168824
0.0160981
-0.0195328
0.0457571
0.0532621
0.0131345
0.00865826
0.0381267
0.106456
-0.042947
0.0288637
-0.0780374
-0.0728344
-0.0717271
-0.00475911
-0.112626
-0.145753
-0.0936776
-0.0184348
-0.0242646
-0.112265
-0.00576431
-0.0834387
-0.0120632
0.0455996
-0.0763111
-0.0401086
-0.00748221
-0.091198
0.0118791
-0.010534
0.0913558
-0.0951767
0.0561568
-0.0348453
0.0544499
0.0717739
-0.0903304
0.00277772
-0.170217
-0.0795253
-0.0301717
-0.114723
-0.044548
0.0136709
-0.0939236
-0.151783
0.00695569
0.0143451
0.0305149
-0.00579565
-0.0703489
0.0202888
-0.00498336
-0.0177593
0.000290374
-0.0989405
-0.0540273
0.0148074
-0.00820448
-0.0359834
-0.0934452
0.0631636
0.0183445
0.0323525
0.0218177
-0.133824
-0.175847
-0.0414621
0.0510935
-0.0201553
-0.117124
-0.0610869
-0.0320646
-0.0598506
-0.0813394
0.0571953
0.0315075
0.065229
0.0318751
0.00197354
-0.0736282
0.0876594
-0.0954433
-0.084599
0.0235049
0.0206965
-0.0563554
-0.0514973
0.0340221
0.0911738
0.00103164
-0.0356453
-0.0256968
-0.0524002
-0.0214845
-0.115425
-0.0797462
-0.0655141
-0.071233
-0.0129684
-0.0971449
-0.0288585
0.060807
0.0522602
0.035855
-0.0241687
-0.0817984
-0.0643538
-0.07436
0.050727
0.087102
0.000846781
0.0390001
-0.0523648
0.00257143
-0.0486906
0.0332666
0.066744
-0.0612723
-0.14696
-0.164086
-0.130223
-0.157423
-0.0600395
-0.0749928
0.0926981
-0.0839472
0.0269414
-0.150516
-0.0361676
-0.00497821
-0.00697344
0.0398887
0.0871821
0.085361
0.0233474
-0.026331
0.0940295
0.000458205
-0.0399653
0.0939911
-0.0235255
0.0573391
-0.089935
-0.00686776
-0.149719
-0.0329757
-0.0776807
-0.145127
-0.139552
-0.0952646
0.00124252
0.033912
-0.0808279
-0.0854397
0.0527535
0.00648084
-0.118267
-0.0956877
-0.00859276
0.0805333
0.0254102
0.0420116
-0.0450615
-0.012258
0.0133891
-0.0951397
-0.0728068
-0.0855274
-0.0183821
-0.0462613
0.0272283
0.00743196
-0.0216996
0.00554952
-0.145994
-0.199871
-0.0977927
-0.132461
-0.0224068
-0.0686182
-0.0183686
-0.0229138
-0.0495774
-0.12215
-0.0338381
-0.0476763
0.0546116
0.0191916
0.0152801
0.0810118
0.081553
0.0533035
0.0656702
0.000255849
-0.0764952
0.0888617
-0.0521444
0.0823518
-0.0177488
-0.104724
-0.0369713
-0.0725738
-0.0909022
-0.0189553
-0.108383
0.0664932
-0.0506404
0.0636473
0.0087428
-0.0296657
-0.0769722
-0.0433387
-0.01449
0.0517954
-0.0557178
-0.0938942
0.0431773
-0.0401727
0.0851121
-0.0359931
0.0696154
0.0756004
0.0209875
-0.0700965
0.0424617
0.0222698
0.0342807
-0.0455008
-0.0977651
-0.049733
-0.0512926
-0.0762599
-0.0148355
-0.00761053
0.0996066
0.0534787
0.0103537
0.00937923
0.071971
0.00193151
-0.113959
0.05047
-0.113969
-0.0710274
-0.0811345
-0.0287447
0.037418
0.0554661
-0.0793428
-0.0692277
0.0779385
0.0384961
-0.0109245
-0.0441788
-0.0429768
0.0589294
-0.0154392
-0.112307
0.0112217
0.0102715
0.00913829
-0.0156341
0.0444289
0.116619
-0.0676134
0.0252116
0.0169151
-0.00242982
-0.0386448
0.0980581
-0.0376778
-0.0672266
-0.0408445
-0.0906646
-0.0374178
0.0485277
-0.0852273
0.00128761
-0.0339335
-0.00633758
0.00180203
-0.0288405
-0.0410378
-0.0996211
-0.0610108
0.0862101
-0.00575989
0.0128673
0.0269368
0.0285745
0.0119976
0.0328132
0.0625153
-0.0449085
0.0297463
-0.0220145
0.104266
-0.0188713
0.0547961
0.0600816
0.0448535
-0.00129471
-0.0839804
-0.0167853
-0.0275229
-0.056718
-0.00169851
-0.0564992
0.00216425
0.0169108
-0.0720923
0.0442392
0.0115073
0.143614
0.0543099
0.0561554
0.0800579
0.0925077
0.0970682
-0.000424393
-0.0631883
0.100786
-0.0243382
0.0204689
-0.0523014
0.104426
-0.0771453
-0.0496727
-0.0730209
-0.00176955
-0.000900594
-0.0729364
1.31177e-05
-0.0765119
-0.0118468
0.0328053
-0.0640272
-0.0555872
0.085306
0.121748
0.102521
0.106351
-0.00867192
-0.00229465
0.157542
0.0364899
0.059766
-0.0492831
0.00749382
-0.0678497
0.0370149
-0.0461075
0.100816
0.0742421
0.047807
0.0988974
0.0165734
0.0429448
-0.0358282
-0.00325085
0.0217577
0.0655775
0.0044035
-0.0537931
0.0130141
0.0573856
0.1133
0.0899996
0.0622603
0.0463175
0.0496845
0.00240578
0.0303841
-0.0243906
-0.0521833
-9.99471e-05
0.107
0.115662
-0.0412845
0.0922326
0.0122283
0.0518992
-0.0578351
0.0765676
0.0157813
-0.0531021
0.0262075
0.0588849
0.00492469
0.0237143
0.084318
0.0794363
-0.0726276
-0.0569559
0.0284076
-0.0542595
0.106634
0.090656
-0.0268035
-0.0456656
0.0652081
0.0732055
-0.0747479
0.0252181
0.0485227
-0.0171787
0.0701175
-0.000437892
0.0683649
-0.0493319
0.11082
0.0420927
0.0353067
0.00658646
-0.0155022
0.0480339
0.0848859
0.0555104
-0.0788042
0.0449462
0.00664479
0.0672462
0.0612424
0.0468075
-0.0849069
0.00937816
0.0144908
-0.0106625
-0.0121579
0.0412608
0.0343018
0.0771773
0.00355506
-0.0279125
0.0115045
0.0445083
-0.0329277
0.0517856
-0.012596
-0.000988366
0.0159996
0.0152502
-0.00610231
-0.0522329
-0.0392906
-0.080682
0.0288688
0.0188451
-0.0504154
-0.0302241
0.0385251
-0.0482237
0.0091328
-0.0952412
0.0538469
0.023309
-0.0204031
0.0719798
0.105919
-0.0593714
0.0924499
-0.0349904
-0.044845
0.0443271
0.022637
0.0106386
0.0653916
0.00916744
0.0261489
-0.0581862
0.0968163
0.0759331
0.0668112
-0.0969758
-0.0940159
0.0532663
0.0435897
-0.0332604
0.0485843
0.0698471
0.00663915
0.0046093
-0.0177111
0.0629053
0.0271356
0.0432519
-0.0238265
-0.0124344
0.0266263
-0.0874759
-0.0245496
-0.0263611
-0.0109751
-0.0365405
-0.0116003
0.00848862
0.0218498
-0.0662368
-0.0313479
0.0323387
-0.0628225
-0.0942011
-0.0245884
-0.0846416
-0.0505826
0.0477269
0.0408627
-0.0960791
0.013688
-0.101859
-0.101228
0.033989
0.0226386
-0.111304
-0.0131065
0.0192075
0.100043
0.0709877
0.0905772
0.0877309
-0.0406141
-0.0103759
0.0923097
-0.0503285
-0.000810478
-0.0166796
0.0852022
-0.0389947
0.0726854
-0.0697887
0.085806
0.056918
0.0620499
-0.046329
-0.0716979
-0.0743654
8.1903e-05
-0.0430048
0.0894892
-0.0781239
-0.0360732
-0.0254413
-0.0149935
-0.0100955
-0.0284371
-0.0844477
0.00137302
-0.0908177
0.0379587
-0.0975998
-0.0902335
-0.0586437
-0.0977596
-0.0394584
-0.0118889
-0.0214425
-0.0754243
-0.0979369
0.0659237
-0.010752
0.00187297
-0.0718381
-0.0330664
0.0716298
0.0861237
0.0353363
-0.00507665
0.0342903
0.0892494
-0.000532211
-0.0168646
-0.0994744
0.0792378
-0.0539222
-0.0635426
0.0503132
-0.0397451
0.0859092
-0.0207852
-0.0485579
-0.0802654
0.0597019
0.0630128
-0.0811563
0.0119243
0.0337294
0.0975287
0.0329489
-0.0628853
0.0544299
0.049824
0.0603038
0.0981634
-0.0681455
-0.0126338
0.0570702
0.0861923
0.0336145
-0.0527194
0.0454808
0.0302421
-0.0377279
0.0777744
0.012419
0.0367121
-0.0573777
0.0902561
0.0333783
0.0100944
-0.0208516
-0.0682501
0.0127478
-0.0766582
-0.0246472
-0.00825783
-0.0387765
0.0374931
0.0368375
0.0658793
-0.0669775
0.0811409
-0.0343956
0.0940645
-0.031746
-0.0600419
-0.0524262
0.0162016
0.0588751
-0.083235
-0.0419207
-0.110231
0.014628
0.0469814
-0.0362239
-0.0551415
-0.0828954
0.0888808
0.0304864
-0.0218181
-0.0104325
0.02857
-0.00654699
-0.0839159
-0.00242238
-0.0508413
-0.0301929
0.0331825
0.042625
-0.0593093
0.0358979
-0.0568012
-0.00687106
-0.00285876
-0.0900209
-0.0937582
-0.0841836
0.0026054
-0.115844
-0.0296287
0.0466913
-0.114646
0.0671483
-0.0227603
-0.0308202
0.0713212
0.0514381
0.0472751
0.00105663
0.0385162
-0.0282805
0.0900684
-0.0409915
-0.0473092
-0.0417733
-0.0757899
-0.0351978
0.0630359
0.0387658
-0.026762
0.0801086
0.0172196
-0.048205
-0.136729
-0.0604554
-0.00445452
-0.028375
0.0230236
-0.126027
0.0675441
-0.0593376
-0.0799068
0.0360481
-0.0624251
-0.0153462
-0.0980611
-0.0318982
-0.0026224
-0.0908407
0.0237218
-0.098233
-0.0709737
-0.0989927
-0.0469381
-0.0724466
0.0120808
0.0918923
-0.0631898
0.0199183
-0.00622833
0.0052644
-0.109005
-0.0585204
0.0333038
-0.0616805
-0.0582368
0.00522338
0.00462169
0.0479054
-0.037068
0.0158432
-0.078475
-0.0405164
0.0832354
-0.00220579
0.0737438
0.0352509
0.0350792
-0.0290813
0.0835475
-0.068348
-0.0675115
0.0780547
-0.0605832
0.102551
-0.0628771
0.081802
-0.0262132
-0.0546001
0.0371167
0.0569709
0.00113615
0.0825713
-0.0642973
0.020694
0.0283038
-0.107869
0.0465449
-0.0876146
0.035465
0.00893341
0.0058112
-0.0231324
0.0698001
0.0650336
0.0523766
0.0870635
0.0984476
-0.0863155
0.0886503
0.0893929
-0.0300511
0.0560939
0.0850368
0.0803178
0.0716552
-0.0558095
-0.0117244
0.0072619
-0.0838137
-0.0609311
0.051977
0.0246396
-0.0778357
0.00103405
-0.0178962
0.00156361
-0.0686971
0.0830865
0.0281552
0.0510611
0.0798715
0.0155508
-0.00890993
-0.0686089
-0.0165901
0.086775
-0.0478562
0.0041368
-0.0146103
-0.0165533
-0.0947782
0.0102462
-0.0197843
-0.0677788
0.125109
-0.0289146
0.0137758
-0.0392331
0.0450103
0.0578631
-0.118294
-0.0623236
0.0584155
0.0737524
0.0489991
-0.0554147
-0.0351944
-0.0628608
0.0600373
0.0230678
-0.0426516
-0.0626501
-0.0198834
0.0833506
-0.0284985
-0.0849516
-0.0465753
-0.151044
-0.0685087
-0.0185664
0.0376451
-0.0734685
0.0170162
0.0320858
0.0835799
-0.0588494
-0.0187987
0.0311082
-0.0930875
0.0105781
-0.0397724
0.0698571
0.0731338
-0.009632
-0.0804522
0.0671157
0.0901082
-0.0370187
-0.0987333
0.0680086
0.0705416
0.0536756
0.0270891
-0.0173403
-0.0140706
-0.039802
-0.132111
-0.0958222
-0.0962417
-0.106242
-0.0791923
0.0526167
0.00896593
0.0398687
-0.128333
0.025272
-0.0134358
0.0266825
0.0688121
0.014796
-0.0591265
-0.0454606
-0.084008
0.0630936
-0.000810004
0.0812204
0.0549695
-0.0624093
-0.0940798
-0.0974417
-0.0981362
-0.122208
-0.0562715
-0.114508
-0.111247
-0.0953446
0.0250042
0.00997242
0.0760141
0.0276528
-0.0638956
0.0384545
0.0791681
-0.128355
-0.0841378
-0.107825
-0.0445106
0.0382703
0.0441104
-0.0895481
0.0808223
-0.0615749
0.0945203
-0.0891293
-0.00810252
-0.0479211
-0.0508639
-0.0956763
-0.0820687
-0.0940584
-0.0359494
-0.0607434
-0.112902
-0.00318779
-0.0181462
0.0270862
-0.011257
0.0197132
-0.0626794
-0.105526
-0.118746
-0.0411308
-0.116249
0.0541376
-0.0249007
-0.00365758
0.0778458
0.00713461
0.0776757
-0.0696401
0.0827776
-0.0769009
0.0180832
-0.0123472
0.031495
0.0116834
0.0662493
-0.0267372
0.036525
0.0176574
0.00922562
-0.0627363
-0.144522
-0.0615327
-0.0925911
0.0926727
0.00186848
-0.0061262
0.0194836
-0.129892
-0.107967
-0.0263384
-0.121214
0.0608407
-0.0475365
0.0247401
0.0304688
0.0384211
-0.0263123
-0.0996567
-0.0419984
0.0265791
-0.0440333
0.0368502
0.0260316
-0.0147298
-0.0200304
-0.125961
-0.096065
-0.108052
-0.0722954
-0.0158668
-0.0809951
-0.0970152
0.0663517
0.0230337
0.0485186
-0.0853009
0.0428078
0.0549227
-0.0520055
-0.0212912
-0.00217224
6.67562e-05
-0.0264232
-0.0174067
0.0947332
0.00746946
-0.0206384
0.0720434
-0.0632823
0.0689858
0.0539677
0.0282298
-0.0456409
0.0705997
-0.0957241
-0.0606938
-0.148146
-0.0560388
-0.0752598
0.0722667
-0.0778177
-0.0867226
0.000174197
0.0222475
-0.0760554
0.0166057
-0.035427
-0.106383
0.0389631
-0.0878284
-0.0950228
-0.000335123
-0.0721856
-0.086625
0.0191149
0.0914939
-0.0337852
-0.0218648
-0.0396474
0.0232898
0.0535209
0.0537218
0.0625176
-0.0511864
0.0494081
-0.0484955
0.0221389
0.0903721
-0.051075
-0.147244
-0.00104206
-0.0314958
-0.132606
0.0497389
-0.0315046
0.0832122
0.0208686
0.0819771
0.0743088
-0.0381047
0.0208944
0.0537387
-0.0986289
-0.0111334
-0.0655486
0.00730587
-0.0555381
0.0336838
0.0708271
0.00238313
-0.0469211
0.0558949
0.027084
0.0722402
-0.0102236
-0.0379446
-0.0404704
-0.0159819
-0.0661324
-0.0549276
-0.0536483
-0.10034
0.0242253
-0.0813348
-0.0385178
-0.0365315
-0.00693355
-0.0081687
-0.000994891
-0.0115707
0.047086
0.0164683
-0.0966819
0.0628276
0.110257
0.1112
0.102264
0.0489515
0.0587458
0.0962642
-0.0237859
0.105976
-0.0788415
-0.0225259
-0.0716369
-0.0877223
-0.0281784
-0.0236234
-0.0779654
-0.0653325
-0.0516778
0.00185836
-0.0143599
0.0429818
-0.0192121
0.0772763
-0.090916
0.0514941
0.0164203
-0.0759186
0.0397849
0.0348108
-0.0216322
0.0457072
-0.0498434
0.0278017
0.0607858
-0.0539377
-0.0812569
-0.0464753
0.00817262
-0.0912331
-0.00393663
-0.0929686
-0.0552095
-0.0141128
-0.103579
-0.0250418
0.0587812
-0.0673144
0.0139575
-0.0888947
0.042713
-0.0728713
0.0436285
-0.0397203
0.0875608
0.00492149
-0.0835594
0.0667075
0.0276088
-0.00866541
-0.0443986
-0.0828789
0.0266156
-0.0283227
-0.0122901
-0.133396
0.00977091
-0.0889779
-0.137979
-0.0196578
0.00782367
-0.153549
-0.0635068
0.0350038
0.026093
0.0549433
0.00127163
-0.0948872
0.0509066
0.00655381
0.0855457
0.0898535
0.0585875
-0.0621451
0.0422797
-0.072279
0.0304125
-0.111989
-0.0247486
-0.100921
-0.0799817
-0.12555
-0.0115553
-0.0141998
0.0191955
-0.0127244
0.030779
-0.109423
0.0134106
0.0345469
0.00740891
0.00680511
-0.0763338
-0.0598826
-0.0635781
0.0906688
-0.0193458
0.0620195
0.0666126
0.0215024
0.0429343
-0.0667026
-0.0784926
-0.0509271
-0.0172102
0.0604251
-0.0181039
-0.0521163
-0.0367135
0.0472779
0.0389237
0.0211444
0.0282442
-0.0540081
-0.0282469
0.00859506
-0.126242
-0.0109702
-0.0163188
-0.067071
-0.0864763
-0.100567
-0.0175918
-0.0923963
-0.0649199
0.0689947
0.0814005
-0.0548462
0.0150862
-0.00900709
-0.0657075
-0.0111172
0.0698138
0.0619993
-0.0934801
-0.00523131
-0.0824638
-0.0372757
0.0474875
-0.126904
-0.0448769
-0.0869139
-0.0695498
-0.0533398
-0.0445141
0.0251568
-0.0319716
0.0581635
-0.0461172
0.00742012
-0.0304835
-0.0249103
-0.0183608
-0.0931882
-0.0501621
-0.0189371
-0.0253551
0.0890188
-0.0722608
-0.00929506
-0.0129321
-0.0644103
0.0638385
-0.0674832
0.0681295
-0.0918364
-0.109769
-0.0588294
0.0679123
0.0402407
-0.0954969
0.0131257
0.0715062
-0.0528967
0.0450369
0.0706086
0.0483336
-0.0150968
-0.063889
0.0417511
0.0722821
0.0785109
-0.0251906
-0.00483445
0.0777509
-0.0345188
-0.0815437
-0.0986582
-0.0849336
-0.0673357
-0.0299543
-0.0618337
-0.0680487
0.0807751
-0.00874546
-0.0762433
-0.100318
0.0260545
-0.0525133
0.000801755
-0.0127416
-0.0147411
0.0137175
0.00939875
0.0870458
0.0652406
0.0558219
-0.0595389
0.011699
-0.0319122
-0.00456644
0.0106591
-0.0635227
-0.0884885
-0.035182
-0.0999968
0.0682062
0.0138266
0.0489374
0.0846333
-0.0557009
-0.088977
0.0285447
0.0626542
-0.0787082
-0.0231131
0.0246988
0.00645385
-0.0419443
0.0161413
0.00127808
0.0895074
-0.0161198
-0.101496
0.0404203
-0.0701001
-0.0395259
0.0403218
0.033994
0.0925595
-0.0203439
0.0136022
0.0831125
0.0203118
0.0602452
-0.0144063
0.021661
0.0916213
-0.0436132
0.0216166
-0.0639417
0.0568771
0.0653177
0.0945296
0.0704855
-0.0040328
0.0927008
-0.0873076
-0.0724158
-0.0560111
0.042323
-0.0309311
-0.0108992
0.0677784
0.0166501
0.0885264
-0.0637807
0.0771938
0.0613619
0.0637585
-0.0945622
-0.0290118
-0.0503437
0.0145991
-0.0297779
-0.00854955
-0.0391997
-0.0430111
0.0762308
0.0894762
-0.062251
-0.0101688
0.0429565
-0.0257985
-0.0940397
-0.0920678
-0.0777861
0.0372479
-0.0702183
0.0328463
-0.0732872
-0.0340999
0.0402729
0.0310531
-0.0844416
-0.0250919
-0.0959207
-0.0936507
0.0470603
-0.0337636
0.0283609
0.00862229
-0.0621328
0.0839465
0.0604187
-0.0236674
-0.0446298
-0.0958697
-0.0338242
-0.0269815
-0.0295071
-0.0579284
0.0508938
0.0811182
0.00947998
0.00908423
-0.0161492
0.0319084
0.0911461
0.0378516
0.03178
-0.0311885
0.0895
-0.0575839
-0.0136397
0.0574656
0.03648
-0.0850145
0.0576062
0.0979392
-0.00311649
-0.0518792
-0.0486108
-0.0302189
-0.0516273
-0.119446
0.00295322
-0.0479214
-0.121
0.023827
0.0152718
-0.0313541
-0.00181092
-0.00934074
-0.0823805
0.0472873
0.0815985
0.00619717
0.0352911
-0.0873346
0.0779394
0.0645318
0.0723125
-0.0197249
-0.00326901
0.0664203
-0.00770463
0.0287257
-0.0472357
0.075689
0.0681852
-0.0368646
-0.0517171
0.0062846
0.0140192
0.0535177
-0.0508282
-0.0907978
-0.0334138
-0.122459
-0.0556218
0.062172
0.0577939
0.0228215
-0.0366758
0.012909
0.0362541
0.0903184
0.0656182
-0.0905512
-0.0942705
0.0880167
-0.00830778
0.0895342
-0.0225354
0.0555481
0.0609268
-0.0444762
-0.00916863
-0.040232
-0.154848
-0.0690105
-0.0117982
0.021665
-0.0834995
-0.0936504
-0.09005
-0.0296257
-0.0352983
-0.00599251
0.0499521
-0.00766167
-0.0556867
-0.0199095
0.0548344
0.0435858
0.0335857
-0.0849277
0.0185635
0.0328122
0.0904945
-0.0242022
0.0502144
-0.0727776
0.0170147
0.0678155
-0.0214997
-0.122283
-0.151603
-0.0862087
-0.0805375
-0.0496149
-0.0367836
-0.0405813
0.0435555
0.0519796
-0.0513492
-0.115387
0.0622068
0.0860178
0.0899331
0.0630739
-0.035476
0.00389992
-0.052372
-0.00810625
0.0999869
0.056348
-0.0121215
0.0198803
0.0902641
-0.0635471
0.028948
-0.0440803
-0.0126025
0.00217843
-0.0847214
-0.156912
-0.0472805
0.03922
0.0609309
-0.0010525
-0.0848406
-0.116725
-0.121372
0.0361655
-0.121633
0.040326
-0.0233604
-0.0017734
-0.0691829
0.0577975
-0.06906
-0.0104189
0.00506179
-0.0742787
0.0868585
0.0219792
0.0743498
-0.0149967
-0.0989344
-0.138963
-0.15243
-0.122987
-0.0964564
-0.0514277
-0.0017809
-0.088189
0.0161396
-0.0625418
0.0193861
-0.0740663
-0.0532691
0.0633617
0.0199712
0.0585031
-0.0837898
0.0180929
0.0593904
0.0640615
-0.0422132
0.0186761
0.0907215
-0.0716779
-0.0569514
0.00971417
-0.0985634
0.0141784
0.00771259
-0.0841069
-0.0771934
0.0131807
-0.116583
-0.0472083
-0.0679929
0.015381
-0.0332518
-0.11657
0.0194834
-0.0564843
-0.117473
-0.0475202
0.0445656
0.0752019
-0.0395109
0.00974608
-0.00633493
0.0444177
-0.0490811
-0.0781488
-0.0120924
-0.0749561
0.0111749
0.0698135
-0.0994419
-0.0470496
0.067807
0.0631703
-0.105691
-0.0920253
-0.0685564
-0.10646
-0.0479228
-0.0124954
-0.0928918
0.0281425
0.0201478
-0.087933
0.0339353
0.0706878
-0.00144615
0.0514921
-0.0878113
0.0308502
0.00910141
0.00357304
0.0488517
-0.0233099
0.0294119
0.0485521
0.0578996
0.00575023
0.0958112
-0.0561857
-0.0525706
-0.0643619
-0.0230733
-0.0118036
-0.0736993
-0.0194144
0.029757
0.0512077
0.0978909
-0.0377924
-0.00104662
-0.0616093
0.0399453
0.0276027
0.0443993
-0.0410573
-0.0733012
0.0651762
-0.0672229
-0.0560979
0.0119348
-0.0890673
0.073132
0.0978905
0.0523823
0.00856089
0.106616
0.0255795
0.00218099
0.0453084
0.0101997
0.0103924
-0.0844035
0.0632692
0.00112263
0.00501355
0.00455788
0.0286148
0.0310986
-0.0423823
0.0123593
0.00252481
-0.0345554
0.0627202
0.0413569
0.031383
0.0716082
-0.0331465
-0.0138359
-0.0938173
-0.00585983
0.0267177
-0.0620989
-0.0320086
0.0847679
0.108011
0.0823681
0.145717
-0.0229656
-0.0116237
-0.0124035
-0.0326563
-0.0255011
0.0294651
-0.0153522
0.0363766
0.00198932
0.0944507
-0.0452222
-0.0430527
-0.0282719
0.078094
-0.0281782
-0.00598664
0.114718
-0.0319212
0.0165068
-0.099927
0.00178867
-0.0841901
-0.0848778
-0.0248826
0.147351
0.0253339
0.0678448
0.11562
0.00766752
-0.028956
0.135226
0.0158984
0.111217
0.061764
-0.0480536
-0.0568072
0.0798808
0.0903072
0.0820708
0.0972869
-0.0485353
0.0156675
0.0349601
0.0703394
0.115474
-0.0447065
0.0872773
-0.0371659
-0.0837645
-0.0433193
-0.0713058
0.0286215
0.0265367
-0.0238574
0.0365969
0.145164
0.0603892
0.0405829
0.0419474
-0.00977105
0.0473349
-0.0314479
0.0619221
-0.0722716
0.0142531
-0.0126772
-0.0700114
0.0554537
0.0334406
-0.0119892
0.110867
0.0638774
-0.0848266
0.0451304
0.0220602
-0.096634
0.094984
-0.0892261
-0.0272714
0.00475668
0.0800538
-0.0585126
0.0651689
-0.00943235
0.0831529
0.0174139
0.0178345
-0.0342566
0.0402833
0.0328348
0.0530873
-0.0630062
0.0128799
0.0405965
-0.000593822
0.0449673
0.0105476
-0.0330432
0.077418
-0.0763276
-0.0518588
0.0816335
-0.0733635
0.084232
-0.0981397
-0.0054444
-0.0312703
-0.0814218
-0.0429164
-0.0425131
0.0551531
-0.0240804
-0.102663
0.0113962
-0.0922722
-0.0446642
0.0431309
0.040907
-0.0251657
0.0515966
-0.10002
-0.0604406
-0.0114381
0.0975853
0.0249652
-0.00220065
-0.0379652
-0.0529632
0.0241372
-0.00832847
0.0188562
0.0750473
0.097716
-0.0659815
0.0529228
-0.0790986
0.00711085
-0.0119116
-0.0448827
0.0290746
-0.044235
-0.0615742
-0.0772725
-0.0252921
-0.0549973
-0.0988728
-0.0734875
-0.0613298
-0.124288
0.071218
0.0118762
0.0620418
0.00770934
0.0201149
0.0163815
0.0838342
0.112322
-0.08737
-0.0743946
-0.0208073
-0.0737524
0.050658
0.019908
-0.0203484
0.00470354
-0.0102186
0.00189468
-0.0617109
-0.0318457
-0.0654309
-0.085207
-0.121059
-0.0435567
-0.0601463
-0.0394634
-0.156157
-0.0413992
-0.0797008
-0.0850797
-0.03808
-0.0575009
-0.0303091
0.0402022
0.070939
0.0971601
-0.026488
-0.0166178
-0.0766585
-0.0726011
-0.076278
0.0914841
0.0362921
0.0293888
-0.0330594
-0.0935951
-0.0120328
-0.0189431
-0.11632
-0.140636
-0.0878347
1.73957e-05
0.00854405
-0.0377049
-0.134488
0.000982426
0.0112722
-0.0429048
0.0785737
-0.0889257
-0.0146601
0.0763872
0.107846
0.0117877
0.0206269
-0.0239814
-0.0918161
0.0751624
0.0102027
0.0146184
-0.0177599
0.0653546
0.0695614
-0.00537859
-0.045378
-0.0860171
-0.0784089
-0.10619
-0.0222829
-0.107699
-0.00641964
-0.0789445
-0.0428823
0.0150019
-0.0925416
-0.0800377
0.0329067
0.0559718
0.0962634
-0.10875
-0.0876339
-0.0258222
-0.096331
0.0904594
-0.0506311
-0.0441399
0.0810345
0.00275304
-0.0478139
-0.0696412
-0.0478694
0.0107906
-0.0918916
-0.013935
-0.141635
-0.113774
0.023249
-0.0849105
-0.134843
0.00413227
-0.0531231
-0.0649118
-0.104818
0.0227255
0.0462788
-0.0394113
0.0926372
-0.0951328
-0.0355866
-0.0627335
0.0184069
0.0520742
0.0567929
-0.0736273
0.0957792
0.0466625
0.0611951
0.045974
-0.0942325
-0.0702353
-0.0223256
0.0127469
-0.0755094
-0.104408
-0.127439
0.0317289
-0.125039
0.0202624
-0.14136
-0.041788
-0.0818454
-0.0997658
0.0824451
0.0547297
0.0543362
-0.0546864
0.0881716
-0.00525118
0.0729279
-0.015167
0.0450705
-0.0429902
-0.0720632
-0.0813315
-0.0719195
0.0898413
-0.0941604
0.0410003
-0.115281
0.0197895
-0.058628
-0.0246128
-0.0642882
-0.120028
0.0266406
-0.0828833
0.0330491
-0.103156
0.0527634
-0.0188552
-0.020641
-0.0633778
-0.0326271
0.0929596
-0.0119623
0.0343273
0.0788599
-0.00220005
0.0161134
-0.0487651
-0.0310835
-0.0288779
-0.092787
0.0707235
0.0475758
0.0105628
-0.00265281
-0.107929
-0.0120528
-0.0731596
-0.0937639
0.0390706
-0.0727141
-0.0217715
-0.0101009
0.0641837
-0.105861
-0.091195
-0.00819264
-0.0492594
0.0497223
0.0090929
-0.00251109
-0.0386111
0.0129401
0.0628063
0.0677521
-0.0873496
-0.0106222
0.0159527
-0.0904176
-0.0473688
-0.0617979
0.00444524
-0.0967695
-0.0351796
0.0339475
0.0889068
-0.0578345
0.0656769
0.0849505
-0.0908356
-0.0852285
-0.00306943
0.0855923
0.0560438
-0.0787987
0.04325
-0.0931616
-0.0466936
0.0114907
-0.0306966
-0.0554641
-0.0431449
0.0704476
0.0405154
0.0572203
0.0121144
-0.0121591
-0.0506564
-0.0106591
-0.0873742
-0.0199693
0.0322811
-0.0891739
-0.00233741
-0.0393386
0.00918565
-0.0785855
0.0112111
-0.00942025
-0.105692
-0.0588787
0.0294627
0.0173383
0.0832645
-0.0617244
-0.00564435
0.0432432
0.0393188
-0.0821484
0.0935067
-0.074681
0.00680494
0.0486518
0.0152493
0.0556569
-0.044372
0.0882852
-0.0995634
0.00439471
0.00464889
-0.0871776
-0.01123
-0.0759238
0.0253627
-0.0314485
0.0517306
-0.0952447
0.0908612
-0.0462671
0.0444167
0.0456426
-0.0733701
-0.0216874
0.0176437
-0.0216106
0.0820212
0.0695813
-0.0121913
-0.093264
0.0733135
0.047693
-0.065633
0.0161682
0.0253581
0.00266042
-0.0671841
0.0668166
0.0247464
0.0594121
-0.0365826
-0.0572096
-0.0531676
-0.0024318
0.048113
0.0319887
-0.0503438
-0.0711451
0.0285818
-0.0303369
0.0665604
-0.0416178
0.089667
-0.0504435
0.0314304
0.00902365
0.0381698
0.0583135
-0.0873558
0.0477774
-0.0987387
0.0287667
-0.0795698
-0.079558
0.0549384
0.0378564
0.0382003
-0.00727612
0.047218
0.0625475
-0.00244064
-0.0847985
-0.0875846
-0.0868785
-0.0299783
0.0233238
0.0324023
0.0148842
-0.091827
-0.0596373
-0.0488905
0.0513682
-0.0485446
0.0340428
-0.0813201
0.0437945
0.080809
0.0976078
0.0667474
-0.0293983
0.0692612
0.0885187
0.0873096
0.0354758
-0.0203554
0.064886
-0.0309434
-0.0148585
-0.0638036
0.054078
0.0444139
-0.100359
-0.0534128
-0.0234144
-0.0616828
-0.0532285
0.0223213
0.0583131
0.00535611
-0.0822065
0.0520725
0.0791327
-0.0679711
-0.07769
0.0292572
0.0320012
0.0224597
-0.0175577
0.0599346
0.00694077
0.043522
-0.100246
-0.0860084
0.00136486
0.0174033
-0.0928945
-0.116831
0.0202683
0.0181532
0.00644416
-0.100466
0.00725893
-0.044239
0.0205396
0.0866691
0.00957999
0.0673922
0.0473811
0.0684857
-0.0581336
0.0352287
-0.0955913
0.0385575
-0.0763612
0.0142261
-0.0812727
-0.00895374
0.0644975
0.0362148
0.00491026
0.0605151
0.0414508
-0.0513694
-0.110448
0.0508415
-0.0786638
-0.0469569
-0.0182331
0.0976493
-0.0845115
-0.0986575
0.0891978
-0.0565875
0.0758101
-0.00246564
0.0224002
0.03762
-0.0700846
0.0335227
0.0594596
0.0436259
0.00288006
-0.0455005
0.0133404
-0.0319023
0.0597424
-0.00600286
-0.0061471
0.0243407
-0.0735223
0.0742786
0.0135506
0.0202809
0.0106995
-0.0485686
-0.0523464
-0.0823542
-0.0414347
0.0264667
-0.0613313
-0.00331289
-0.00300768
0.0895744
-0.0703986
0.00164468
-0.0527341
-0.0286367
-0.0381931
0.0263899
0.0444764
0.0443057
0.0799648
-0.00926844
0.0689125
-0.0455539
-0.00592205
-0.0884071
-0.0682861
0.0110837
-0.0967418
0.0235467
0.00134778
-0.00837219
-0.00846198
-0.0703249
-0.0046639
-0.100377
-0.105615
-0.0150224
-0.0670884
0.0871072
0.0944814
-0.0919547
0.0437993
-0.0823114
-0.0102625
-0.034924
0.0288463
-0.0220492
0.0150167
-0.0146148
-0.0160061
-0.019744
0.0329323
-0.0579993
-0.0699673
0.0801244
0.0012101
-0.0606687
-0.070012
-0.0530697
-0.0402951
-0.0406482
-0.0161342
0.00527605
-0.02071
0.0382262
0.0248806
-0.0164162
0.00188065
-0.0447888
-0.0757149
-0.0845188
0.0126101
-0.0174452
-0.0086666
-0.0570143
0.092707
0.0634213
0.07555
-0.0964198
-0.013733
0.0197202
0.0163171
0.0216623
-0.0859102
-0.107992
-0.132495
-0.0413334
-0.0268804
0.0460828
-0.106712
-0.105338
-0.00754194
0.0422167
-0.0542026
0.0986192
0.055336
0.0761647
-0.0511524
0.029037
-0.0638267
-0.0698279
0.0931699
0.00951826
0.0688673
0.0143293
0.0294059
-0.0478062
0.0115617
-0.0899495
0.100737
-0.0765349
-0.0631219
-0.089598
-0.0411933
-0.102378
-0.0286066
-0.0568794
-0.083008
-0.0746314
0.0304301
-0.0864419
0.00573237
0.0247801
0.0722219
0.0471889
-0.0576405
0.0806213
-0.0439868
-0.0732931
0.0894365
0.0516163
0.0254877
0.0032743
-0.117598
-0.142124
-0.107496
-0.129618
0.0838835
0.0428613
-0.0244841
-0.0670747
-0.13732
-0.152436
0.0264933
-0.0715594
-0.0868607
-0.0780242
-0.03412
-0.103094
-0.0402953
0.0442903
-0.00435082
-0.0226028
0.0978836
0.0778212
-0.0782053
0.0703451
-0.0551462
-0.045984
-0.00735528
0.0630005
-0.0505523
-0.00707206
-0.0338622
0.0307917
0.113073
0.0493542
-0.0728512
-0.00595195
-0.037835
0.0184952
-0.0282407
-0.0264801
-0.071441
0.00188276
0.0514273
-0.0970926
-0.0157173
-0.00381592
-0.0300592
-0.0232001
0.0148654
-0.0766598
0.0922101
-0.0495833
0.0872399
-0.0287372
-0.0528874
-0.100213
0.0252717
-0.131153
-0.111841
-0.0140176
0.00565919
-0.040733
0.0483001
-0.0672947
-0.0471769
0.00950182
-0.114218
0.0144684
-0.0934865
-0.0556761
-0.117795
0.0729886
-0.0323354
-0.0253749
-0.0246588
0.0824256
-0.00900491
-0.0258702
-0.055674
-0.0368931
-0.00340129
-0.0946687
0.0301164
-0.0896004
-0.0678947
-0.0660758
-0.0731629
-0.0601047
-0.000982899
0.0309915
-0.06189
0.031744
-0.110508
-0.0344024
-0.0403254
-0.0840312
-0.0577233
0.0280793
-0.109498
0.0596417
0.0160419
0.0133632
0.000819212
0.0665296
-0.019935
-0.00487045
-0.0821672
0.0746056
-0.0163974
-0.061451
0.0613694
-0.0483007
-0.00897165
-0.0287893
-0.0417696
0.0472041
-0.0987354
0.0223938
0.0543588
-0.00290291
0.0242369
-0.0149054
-0.0565629
-0.122667
-0.0137459
-0.128763
-0.0888655
-0.0677673
0.0373062
-0.0350235
-0.0452925
-0.0555355
-0.0120559
-0.0606407
0.0656892
0.0299673
-0.0526646
-0.0411847
-0.104487
0.0402388
-0.0678448
-0.0816668
0.0406865
0.0110765
0.0111366
0.0343501
-0.0370073
-0.0511964
0.0216673
-0.0020025
-0.0390691
-0.0810323
0.0148324
-0.0361526
-0.0618839
-0.104565
0.00296615
0.0612679
0.0790235
0.0565946
-0.0556823
-0.0828861
-0.0321246
-0.0413677
0.0404134
0.021695
-0.0406367
0.0637983
0.0323561
-0.0805871
-0.111454
-0.0780379
-0.115091
0.0336043
-0.0517903
-0.0796264
-0.0299657
0.0147559
0.106509
-0.0346043
-0.0801557
-0.0230066
-0.000612518
-0.0260925
0.0451473
0.0745207
-0.0668488
-0.097251
-0.00745433
0.0199846
0.0729969
-0.0995378
0.0623539
-0.0503699
0.0184271
-0.106382
-0.0683186
-0.0996206
-0.130886
-0.143593
-0.0596341
-0.00901171
-0.0779777
0.00771244
0.0740545
-0.0687369
-0.0340448
0.0795089
0.0137141
-0.043155
0.00263996
-0.0805801
-0.0702897
-0.105641
-0.0258485
0.0642363
-0.0256219
-0.014032
0.0641881
0.0123235
-0.0906457
-0.0114803
-0.0782134
0.0323236
0.024417
0.00157947
-0.11213
-0.0284572
-0.14427
-0.0453577
-0.0413439
0.0360306
0.0944995
0.0488371
0.078291
0.0914863
-0.043095
0.00645243
-0.0813633
0.0321921
-0.05637
0.0603847
-0.0615014
-0.0735776
-0.0914455
-0.0117516
-0.0809254
0.051429
0.000441614
0.0418671
-0.0507433
0.0188596
-0.0577013
-0.11125
-0.05329
0.0166465
-0.00241807
-0.0489507
0.0525455
0.0216897
0.0475212
-0.0360589
-0.0165228
0.0143234
0.130517
0.0251266
-0.0107031
0.0428094
-0.0557102
-0.0560617
0.0755682
-0.0506473
-0.00734475
0.0221031
-0.0947768
-0.00520717
-0.077318
-0.0151631
0.0105159
-0.0654704
0.00460879
0.00194736
-0.0995094
-0.0582087
-0.11664
-0.0589298
0.00489167
0.0195494
0.0458641
0.076557
0.0605118
-0.0119454
-0.025573
0.0541643
-0.0775169
-0.103892
-0.0587639
0.00468873
-0.00117433
-0.0959905
0.0400927
-0.0017387
0.0328201
-0.0303993
-0.0857124
0.00653404
0.029349
-0.104834
0.0166891
0.027962
-0.0161327
-0.109911
-0.00716799
-0.075643
0.0984104
0.0989355
-0.0427661
0.0162225
-0.0294603
0.0748316
0.0725333
-0.0782242
-0.0858
0.0216799
0.0142753
0.0280474
-3.03328e-05
0.0346842
-0.0652363
-0.0138699
0.0473219
0.0706942
0.0443031
0.0942641
-0.00552592
0.0553367
-0.0676997
0.0328036
0.0340502
-0.0894154
0.00760113
0.0900266
0.120263
-0.0413792
-0.0097977
-0.0438069
0.0499438
0.0130371
-0.0164606
0.0430702
-0.108489
0.0174175
-0.0150046
0.0606882
0.0624255
0.0294201
0.0348349
0.0764458
-0.0575223
-0.0684252
-0.0375619
0.0237043
-0.0945886
-0.053896
-0.101818
-0.0512172
-0.0830892
0.00652248
0.0596357
0.0040331
-0.0942787
0.0769192
0.0467411
0.0506468
0.100389
-0.073145
-0.0959188
-0.0948993
-0.00298998
-0.0714988
0.0709657
0.0158881
0.0741351
0.0491264
0.0464435
0.00982038
-0.0203289
-0.0525376
0.0580055
0.0304538
0.0414029
0.053638
0.0702117
0.0105863
0.0898347
-0.0678841
0.0791279
-0.0941799
-0.0188592
0.02048
0.0574966
-0.0439589
-0.0495821
-0.0897659
-0.0550686
-0.0892507
0.0384485
-0.109663
-0.0110196
0.0584009
-0.0637696
0.0185718
-0.0366988
0.053385
-0.0958852
-0.0575587
0.0178222
0.0116588
-0.0825956
0.0158913
-0.0299597
-0.0775052
0.0780639
0.0440388
0.0467049
-0.0958944
-0.0900163
-0.0281416
-0.0973887
0.0137053
0.000852238
-0.0736865
0.0171695
-0.0771266
-0.0836261
-0.033864
0.0530287
-0.0373894
0.061413
0.0394881
-0.0779144
0.0845152
0.00542944
0.0307931
-0.0788579
0.0235528
-0.0558364
-0.0421929
0.0957554
-0.00424141
0.0280163
-0.0513023
0.0771987
-0.0123355
-0.0391975
-0.0845121
0.0299145
0.0224391
-0.108098
-0.0997302
0.0238845
-0.0907583
-0.0816078
-0.0100644
0.0547743
-0.0107482
-0.0483666
-0.0442924
-0.0891021
-0.0709899
-0.0449775
0.0617336
0.0662326
0.0960966
-0.096676
-0.0634782
-0.0134339
0.00260423
-0.00541717
-0.0270978
-0.0451176
0.0721124
-0.0167955
-0.0899554
-0.0532068
0.0266874
-0.0985947
-0.0162327
0.0833388
0.0823525
0.0640301
0.0410466
0.092554
0.0205023
-0.0223397
-0.0801315
-0.0233671
0.0971251
0.0334836
-0.0221249
-0.0796892
-0.0854668
-0.0281714
0.00248816
0.0339593
0.012612
-0.0502532
-0.0103564
0.0656928
0.00515085
0.0397172
0.0652296
0.071349
0.0675025
-0.0840531
-0.0115472
-0.105099
-0.00972586
0.0887834
0.0860829
-0.0160404
-0.0307624
-0.0783965
0.00284176
-0.0162376
0.088721
-0.0322369
-0.0142764
0.0785502
-0.00332951
0.0538177
-0.00814568
-0.0508535
0.0519709
-0.0862714
0.0166732
-0.0228732
0.0410439
0.0288557
-0.0314354
-0.0782595
0.00810141
-0.0813034
-0.0951905
0.0888529
0.0507031
-0.0133283
-0.0854917
0.0291824
0.0184947
-0.0433021
-0.0976283
-0.0726335
-0.0412071
-0.026801
0.0738317
-0.0238312
-0.0659438
0.0471249
-0.00192069
-0.0995822
0.039109
-0.0761574
0.0830534
0.0177767
0.0214237
-0.11661
-0.00927803
0.076012
0.0623488
0.011577
-0.0231831
-0.0536634
-0.0906094
-0.0336939
-0.0759996
-0.0239149
-0.0716242
0.0353749
0.0985701
0.00402403
-0.0607684
0.0337671
-0.0249133
-0.0455596
0.0186278
-0.0293317
-0.0251388
0.0198071
-0.0998054
-0.103563
-0.0180336
-0.0186932
-0.0831302
-0.0200387
-0.0427351
-0.0402254
0.0130164
-0.101504
0.0670891
-0.0979918
-0.0844161
-0.0754108
-0.100925
0.0570339
-0.0521163
-0.0235804
1.82513e-05
-0.0260176
-0.0761709
-0.0038697
-0.000104863
-0.0488663
-0.0350594
0.0693968
0.0706019
0.0234078
-0.0210842
-0.105759
-0.076821
-0.125545
-0.0755684
0.0345294
-0.055989
-0.0344866
-0.00758352
-0.00565851
0.0241327
0.0607108
-0.0787537
-0.0545533
-0.1033
-0.00321836
0.0461019
0.035784
-0.0629636
0.0857357
-0.0162043
-0.0699518
-0.0218417
-0.0309844
0.0898368
-0.0392705
0.0387939
0.0186491
0.0898211
-0.0628294
-0.0172481
-0.0788188
0.020773
-0.073568
-0.0867308
0.0172209
-0.027882
0.0174495
0.0228734
0.0390075
-0.109921
-0.0164691
0.0511005
-0.0604502
0.0222758
0.0896383
0.0871288
0.0594009
-0.0367827
-0.00352048
0.0960662
-0.0307839
-0.00437557
-0.0416993
0.045929
-0.0774758
-0.056125
0.031523
-0.116363
-0.119428
-0.122746
0.0133488
0.0311712
-0.0649706
0.0280102
0.01266
0.0407221
0.00405868
-0.0353466
-0.000347493
-0.0938884
0.0960809
-0.0771656
0.0421936
0.0378453
0.0748068
-0.0625131
0.0456232
0.0366259
0.0254442
-0.0287878
0.0943901
0.0906628
0.0173483
-0.0988317
-0.13039
-0.0426733
-0.0141513
-0.055884
-0.0507774
-0.0785997
-0.0448138
0.0365611
-0.134584
-0.0642002
-0.00986321
-0.0614978
0.0256875
-0.0615126
-0.0744195
0.098429
-0.0168099
0.0967469
-0.00352031
-0.00770148
0.073685
0.022923
0.0158368
-0.0223426
0.0348096
-0.0411792
-0.0897916
-0.114623
-0.148981
-0.0238297
-0.116001
-0.0787313
-0.104998
-0.00772388
-0.0172631
-0.167227
-0.103119
-0.0208966
0.0179646
-0.126558
0.0453247
0.0420538
-0.0176751
0.0275676
0.0552789
-0.0428158
0.00915369
0.0787571
0.0163998
0.0986649
0.013759
-0.0731688
0.0141463
-0.0733106
0.057674
-0.0466422
-0.13611
-0.117459
-0.0163159
-0.00503783
-0.147971
-0.0591445
0.00116866
-0.0658159
-0.0302063
-0.159979
0.0331777
-0.0896907
-0.00873221
0.0481963
-0.0500381
-0.0611067
0.0601861
-0.0496112
-0.067685
-0.0427202
-0.0443238
-0.0356357
0.0650033
-0.0372452
-0.0787742
0.0350234
0.0623222
-0.0545003
-0.150936
-0.133215
0.0304847
-0.00167101
-0.00967702
-0.0156043
-0.0783491
-0.0652379
0.0346737
-0.030546
-0.0992273
-0.065455
0.0412079
-0.0498282
-0.0214715
0.0811463
-0.0172707
0.008649
0.0753755
0.0939216
0.0228049
0.0341349
-0.000312248
0.0977711
-0.038645
0.0686037
-0.0784188
0.0112141
0.0584033
-0.066575
0.0602828
-0.0618737
0.0352823
-0.0441822
-0.0393412
-0.060028
-0.0265621
-0.0549842
0.00749956
-0.104589
0.0326365
0.0566558
0.0306924
-0.0271875
0.0659045
-0.0926181
-0.00164302
-0.0246709
0.0414733
-0.000170738
0.0381767
0.0127991
-0.0623074
-0.0374693
-0.0330063
0.0363509
0.103585
0.137573
0.0746049
-0.065995
-0.0572807
0.0247162
-0.0862348
-0.0957824
-0.0317159
-0.0725605
0.051183
-0.104894
-0.00422511
-0.0770882
0.00567778
0.0166063
0.0860898
-0.100331
-0.0118917
-0.0700389
-0.0507635
0.0271844
-0.0479804
0.0283162
-0.0976608
0.0775454
-0.0594251
0.030451
-0.00491769
0.0456352
0.12033
-0.106834
-0.0187533
-0.121939
0.00653791
-0.00521883
-0.0331044
-0.0774734
-0.0799105
-0.0994573
-0.102712
-0.00925415
0.0139457
-0.0842543
0.0115995
0.00804803
0.0658421
0.0955336
-0.0549385
0.0825214
0.0600142
0.0857624
-0.0439376
-0.0932436
0.0482796
0.071451
0.048456
0.000932671
0.0674841
-0.0672099
-0.0350519
-0.038515
-0.0310365
-0.0434735
-0.0316086
-0.0092957
-0.0424665
0.0761316
0.0390239
0.0528232
-0.00246047
-0.0595645
-0.00217665
-0.00207263
-0.068454
-0.0560862
-0.0338974
0.00454848
-0.0096627
0.0171655
0.0240727
-0.0337182
-0.00211513
0.17152
0.0583706
0.0969664
0.0761383
-0.0434273
0.0591391
-0.0915085
-0.10017
-0.0904285
-0.0736988
-0.0872785
-0.0669855
-0.06167
0.0910707
0.0515622
0.0154539
-0.0739083
0.0271143
-0.0581997
0.0950898
0.0162968
-0.0335328
0.0470334
-0.0947286
0.0751486
-0.0597474
-0.100614
-0.0263861
0.11584
0.180937
0.0752081
-0.095266
0.0287271
-0.0509703
0.0167049
-0.0230605
0.0359418
0.0895256
-0.0090445
-0.0558642
-0.0189742
0.0559294
0.0741023
0.0512349
-0.0413193
0.0142214
0.0858446
-0.0775595
0.0517728
0.0986352
-0.0476732
0.0681648
0.0204435
-0.0273547
0.029214
0.0512956
0.116624
0.123275
-0.0711255
0.0369707
0.0181916
-0.102895
0.0461731
-0.0273999
-0.040171
-0.0569617
0.0333456
0.033522
-0.0514006
-0.0181318
-0.0216739
0.0589373
0.00661341
-0.0352058
-0.00293467
-0.0237519
-0.0230936
0.0332597
-0.0776962
-0.0469527
0.0591249
0.0533252
-0.0139647
-0.0907558
0.00497284
0.079898
-0.0667215
0.0259887
-0.0964762
-0.0563514
-0.092116
0.0227137
-0.0104978
0.0222988
0.0578232
-0.0731604
-0.0474184
-0.0705567
0.00200654
0.0854821
0.0256836
-0.0959855
0.0612015
-0.0955963
-0.0437962
0.0361759
-0.0607263
0.019515
-0.02485
-0.0279046
-0.0632064
0.0461782
-0.0592994
0.0671007
0.0643561
-0.0256387
-0.0887467
0.0588585
0.07163
0.044167
-0.060333
0.0392366
-0.0219653
-0.0582218
-0.115116
-0.0378406
-0.0735017
-0.0222882
0.0987698
0.0317202
0.0389227
0.0133025
0.076911
-0.0983267
-0.0490533
-0.0240801
2.87621e-05
0.0757787
-0.0772899
0.0611839
-0.030233
0.0131509
0.079817
-0.00728379
0.0127138
0.0266287
-0.120531
-0.0195381
0.059827
0.072009
-0.0925758
-0.0385568
-0.0224578
-0.0210831
-0.0134783
0.0295952
-0.0722778
-0.0340226
-0.0158079
0.021542
0.0612109
0.0796676
-0.0315415
-0.0221271
0.0127957
0.00764819
-0.0544356
-0.0393705
0.0380709
-0.105947
-0.0796544
0.0481747
-0.0761403
0.0629899
-0.0022253
-0.0497838
-0.0215087
-0.0719978
-0.0169949
0.0177546
-0.038329
-0.0857159
-0.0123793
-0.00902456
-0.00999214
-0.0866391
0.0136433
0.0786953
0.0846699
-0.00984736
0.025375
-0.0905559
0.0480724
0.00759549
0.0726958
0.0856018
-0.119747
0.0179161
-0.087575
-0.0723584
0.0780236
-0.0991161
-0.0888186
0.0365555
0.0896038
0.0585137
0.0391902
-0.113102
-0.0551148
-0.0309879
0.0536557
0.0390761
-0.0450921
-0.00486677
-0.0393442
-0.0740183
0.014394
0.0112909
0.0169157
-0.061838
-0.0134847
-0.0604128
-0.00461112
0.00603813
-0.0202131
-0.0198437
-0.0515116
-0.0720262
-0.0780047
-0.0635405
0.0650747
-7.88517e-05
-0.00549617
-0.0635393
-0.0127013
-0.012224
0.0725936
-0.067921
-0.0709833
0.0657995
-0.0561437
-0.0854628
0.0930115
-0.0237771
-0.0513327
0.0175633
-0.0953494
-0.0061268
-0.0546429
-0.00790116
-0.0890647
0.0220152
-0.110384
-0.104633
0.0675786
-0.0821338
0.00296743
-0.111859
0.0317703
0.0060897
0.051761
-0.121429
-0.0441577
0.042373
-0.0560464
-0.0153302
0.0313093
0.0180246
-0.0167789
-0.0766968
-0.0911162
0.00247905
0.0486965
-0.00431986
0.0103967
-0.0822438
-0.0315091
0.0340106
-0.0902697
0.014908
0.0355458
0.0218966
0.0595164
0.0768237
-0.0680592
0.011755
0.0632325
0.0119043
0.023775
-0.0710159
-0.0432617
0.0686518
0.0877681
-0.0888575
0.0266597
-0.0346051
0.0650684
-0.0317523
-0.0859049
0.0465898
0.0645519
-0.0374341
0.0705366
-0.084136
-0.0302318
0.022782
-0.100023
0.0364065
-0.0760698
0.0131721
-0.0233315
-0.0519966
-0.0017304
-0.0641651
-0.0491563
0.0554352
0.00714978
-0.00680945
0.0371711
0.0535172
0.0865416
0.071598
0.0311399
-0.0310402
0.0568721
-0.00397063
0.0953907
0.0234151
0.00977015
-0.0189651
-0.0138396
-0.0108117
-0.0188313
0.00135527
0.0125599
-0.0551085
-0.0118379
0.0982494
-0.0296704
0.0952867
-0.0726406
0.0488694
-0.00683892
0.0934354
0.0851725
0.0151519
0.0413794
0.0345502
0.0535703
0.012126
0.0435573
-0.0434936
-0.0503316
0.000806452
0.0257644
0.0168248
-0.0154805
-0.068254
-0.0868518
-0.0873338
-0.0726802
-0.0521593
0.0994838
0.0160736
0.0759691
-0.0565973
0.052907
0.025465
0.0261809
0.0714511
-0.0914161
-0.0575034
0.0190815
0.0697767
-0.0799959
0.0798184
-0.0384628
0.0240085
-0.0765674
0.10014
0.0923792
0.0870575
0.0816616
-0.0699338
-0.00222638
0.00916591
0.0884667
0.0451082
-0.085448
-0.00173961
0.0699765
-0.0213512
-0.00889635
0.0777281
0.023203
-0.0795661
-0.0103632
-0.0276641
0.0361331
0.0284656
-0.03892
0.0166249
0.0380864
-0.0952762
-0.00475632
-0.0405094
-0.0102991
0.0286227
-0.0567764
0.0199013
-0.0807515
0.0636518
0.0747599
-0.0893929
0.0223511
0.0849597
0.0649931
0.00371141
0.0728201
-0.0755702
-0.0678429
-0.0119721
0.076643
-0.0852228
-0.0311506
-0.101944
-0.102272
-0.0698532
-0.0879985
0.0178382
0.0734043
-0.0692452
-0.0321428
0.0180612
0.104248
-0.00243857
0.0145529
0.0994597
-0.0116312
-0.0615115
0.0745878
0.0799373
-0.0803407
0.0596937
0.0874929
-0.0383911
0.0540479
0.0480008
-0.0906444
-0.0455109
0.00174033
0.0981965
0.0686992
0.050388
0.0534933
-0.0558268
0.0188722
-0.0837369
0.0560011
-0.0314808
0.123504
0.0163114
0.00370797
0.100164
-0.0866885
0.0186893
0.0792526
-0.0338023
0.0246991
0.0852952
-0.0279145
-0.0786332
-0.0340113
-0.0915629
-0.0367864
-0.00493618
0.0165517
0.0346148
0.0212831
0.0622601
-0.0315612
0.0386869
0.0112026
-0.00740556
-0.0201709
-0.0363482
0.0752607
0.0756305
-0.0386648
0.0174594
0.11127
-0.0419404
0.0279598
0.0328572
-0.0458549
-0.0760181
0.0411869
0.0256083
-0.0583018
0.0773013
0.0468035
0.0718798
-0.048814
-0.0939952
0.0240799
-0.0320862
0.0189761
-0.0426519
0.0489469
-0.0327838
0.0220096
-0.0879167
0.0226167
0.0105495
-0.0109678
0.0602081
0.0557847
0.144328
0.0523236
-0.0114188
0.0816218
-0.071251
-0.0631339
0.0985171
-8.61198e-05
0.0539082
-0.00383218
-0.0288065
-0.0313678
0.0426233
0.0619093
0.0762046
0.00562346
0.0548917
0.0587268
-0.0402188
0.0187724
0.0458325
-0.00220704
-0.010364
-0.111346
0.0608759
0.0974254
0.0530685
0.0106383
0.0478099
-0.00656025
0.104
0.0357848
0.0955419
-0.0611128
0.0164784
0.0913904
0.0819699
0.038205
-0.0218716
-0.0731089
0.0829429
0.0326473
0.0549134
0.0577394
-0.0735993
0.00326226
-0.128611
-0.0343299
0.0528397
0.054933
-0.0841101
-0.0344975
0.0778539
-0.0442578
0.0137959
0.0145882
0.0884561
0.0762105
0.0395173
0.0729496
-0.00881444
0.0471143
0.070179
-0.0327087
0.0777093
0.0373435
0.0102747
-0.0469092
-0.0196163
0.0103802
-0.0340077
-0.0819703
-0.0225114
-0.0151866
0.000161199
-0.103773
-0.0317129
-0.103396
-0.0422618
-0.0234143
-0.076473
0.0755264
0.0649409
-0.0158667
0.109144
0.0459795
0.04873
-0.068417
0.0799549
-0.0133202
-0.0619222
-0.0558191
-0.0574902
-0.020917
-0.011106
0.0776965
0.0942249
0.0300787
0.0113125
0.0585142
-0.0707769
-0.143277
-0.0911536
-0.160587
-0.170543
-0.0567888
-0.0456633
0.0180455
-0.0550687
0.0697457
0.0557237
0.0203015
0.0531733
-0.0737034
-0.0150643
-0.0403441
0.00349945
-0.0205378
0.0793879
-0.0987589
-0.0662985
-0.0902591
-0.0435127
0.0614671
0.042148
-0.101748
-0.086763
-0.0118656
-0.148293
-0.166861
-0.221797
-0.1375
-0.138913
-0.0598526
-0.0158404
0.00290919
-0.112385
0.067164
0.158725
0.0847148
-0.0538822
-0.00325907
-0.0462681
-0.0708175
-0.0706304
-0.000153122
0.0747834
0.0533091
-0.0400545
-0.0524451
0.00653587
-0.0584291
-0.0528578
-0.0772946
-0.099725
-0.0565074
0.0184259
-0.130284
-0.0468485
-0.047955
-0.105403
-0.0663422
-0.15643
0.022468
-0.0614731
-0.0154769
-0.0645301
0.105537
0.023905
0.00479616
0.0296687
-0.000180245
0.025187
0.0393473
0.0798833
-0.0263639
-0.0527443
0.0820051
-0.0719364
-0.0400347
-0.0409868
-0.0865765
-0.0815507
-0.0486498
0.0190739
-0.15041
-0.17636
-0.106183
0.0288045
-0.120344
-0.0796741
0.0208332
0.0691333
0.0485357
-0.0208017
0.0343592
0.00952171
-0.053734
0.0481137
0.0119099
0.0648347
0.0610745
0.0347318
0.0968374
-0.0107265
0.0588061
0.0105367
-0.0223929
0.0346051
0.0509119
-0.101983
-0.0222576
-0.0445183
-0.0354037
-0.0911837
-0.0256149
0.0179425
-0.0548976
-0.00234831
0.0485174
-0.0422873
-0.0268363
0.0841363
0.0441006
-0.156308
-0.0638633
-0.12233
0.0518647
-0.0066879
0.0646442
0.0407129
0.0747207
-0.0989656
0.0329381
0.0185688
-0.0916336
0.0504359
-0.00287643
0.00280096
-0.108298
0.0246065
0.023435
-0.0281868
0.0434993
-0.0542223
-0.0361463
0.034012
0.0931756
0.00411425
0.0745502
-0.0883501
0.0493239
-0.00420562
0.0332207
0.0681625
0.0454083
-0.0950562
0.0286774
-0.0739598
-0.0267812
-0.0743563
-0.0521737
-0.0266462
0.00204185
-0.0443772
-0.0482001
-0.104036
0.0208592
-0.0287497
0.032583
-0.136282
-0.0678854
0.0143384
-0.115583
0.0529094
0.0413498
0.0889735
0.0152971
0.0445031
-0.102762
0.0224546
0.0433029
-0.0559165
-0.103957
0.0212125
0.0787902
-0.00823211
-0.0529252
-0.0173327
-0.0433251
-0.0763322
0.0160545
-0.081844
-0.0252488
0.0118185
0.0672281
-0.0849492
-0.0342606
0.0247471
-0.0734949
-0.0547884
-0.010005
-0.128651
-0.0173127
-0.0461457
-0.108124
-0.0743921
-0.091286
-0.100958
-0.0630164
-0.0599483
-0.0641305
0.0254942
0.0782377
0.0201247
-0.05112
-0.0396719
0.0263888
-0.0384585
0.0587421
-0.039096
-0.0274289
-0.0688483
-0.120432
0.0483317
-0.000835902
-0.0147344
-0.137761
-0.0781961
-0.142571
-0.0167089
-0.00533505
-0.0076399
0.0544654
-0.13652
-0.0977963
-0.0632593
0.0393628
-0.0225431
0.0264654
0.0546676
0.0445922
0.0831122
0.0381353
0.0115923
-0.0301089
-0.0275669
0.0787121
-0.0285314
0.0147573
0.0597739
-0.0385937
-0.116289
-0.0954109
0.0278597
0.0117997
-0.0952817
-0.160665
-0.0717677
0.0854957
0.0650253
-0.0303074
-0.0196806
-0.0571817
-0.108735
-0.131065
-0.0549894
-0.0210533
0.00639806
-0.0750976
0.0542875
0.0216102
-0.0826192
0.0489267
-0.0433729
-0.0517654
-0.0435562
-0.0568098
0.0694734
-0.0692156
0.0291427
-0.0994694
-0.0179772
-0.037908
0.0160975
-0.0474953
-0.0153586
0.0843681
-0.0479441
0.0212697
0.0419265
-0.0436846
-0.0777837
-0.0856091
0.0123697
-0.0778345
0.000734236
0.0244616
-0.0087271
0.0290279
-0.0511646
0.0454893
0.092444
-0.00847778
-0.0151673
0.00303134
0.0123493
0.00967929
-0.0554712
-0.089648
-0.0150166
-0.0779085
-0.106537
0.0337837
0.0453453
-0.00904909
0.01068
0.0148972
-0.0452705
-0.112871
-0.0862984
-0.0547994
-0.0191361
-0.0144605
0.0805651
-0.0668091
0.0167166
0.0662337
0.085514
0.0235347
-0.0325823
-0.0765783
0.0350371
-0.0509057
0.0797989
-0.00448889
-0.0824184
-0.0728288
0.0684903
-0.105753
0.0696602
-0.0580002
-0.0648625
-0.056717
0.0231832
0.0904707
0.00213798
0.0560215
0.0340665
-0.0971217
-0.107719
-0.0845554
-0.0461228
0.0241331
-0.0542604
0.0286802
0.017715
-0.0668468
-0.100232
-0.026079
-0.044049
0.00358907
-0.0959538
-0.00648421
-0.00645157
-0.0402073
0.0661114
-0.0882605
-0.118109
0.0281649
0.0467064
-0.0531377
0.047052
-0.035025
-0.000758446
-0.00178846
0.060799
-0.0531156
-0.0169432
0.0936234
-0.0356382
0.0010511
0.0899707
0.0667113
0.00127173
-0.0298921
-0.0013454
0.0889226
-0.0717291
-0.0875181
-0.0667589
0.0724316
-0.0153891
0.0626349
0.0352038
-0.0223361
0.0649161
-0.025661
-0.0689854
-0.0681151
0.0105629
0.0199535
-0.0647067
-0.0355933
-0.0479851
-0.0596898
0.00259885
0.0944735
-0.0526571
-0.0533249
0.0388496
0.0162286
0.078227
0.0864698
-0.0609151
-0.0566244
-0.0279691
-0.0020468
0.0495065
0.0598716
-0.0668067
-0.0822905
-0.0352737
-0.0303265
0.0712822
-0.0390696
0.00800538
-0.106732
0.0182888
0.0584278
-0.0102162
0.0395569
-0.0971155
-0.0794397
-0.0640186
-0.0324474
-0.042015
-0.0629974
0.0352078
-0.0586302
-0.0318364
-0.0246893
0.0787154
0.0274407
0.0283153
-0.0260844
-0.0946126
-0.00399076
-0.0573461
-0.0288737
0.0109632
-0.0397778
-0.0217623
-0.02057
0.0700562
-0.0732071
-0.0430805
-0.0869226
-0.0382804
0.0570496
-0.0990174
-0.0718048
0.0712588
0.0723444
-0.0672253
-0.0378618
-0.0176617
-0.0764811
0.0542229
0.0980216
-0.0494339
0.0715509
0.0209421
-0.0812702
-0.0582159
0.059023
-0.0230562
0.0981878
-0.0656802
0.00541421
0.0272749
-0.0982263
0.090961
0.0240896
-0.000156086
0.0516027
-0.0283944
-0.0671268
-0.0378033
0.00848305
-0.051613
-0.080552
0.0769264
-0.05489
-0.0993314
0.0919953
0.0147533
0.033276
0.0606934
-0.0363063
-0.0293503
0.0370803
-0.0443374
-0.0822304
-0.0480692
0.0713292
0.0784511
-0.0699393
0.00385905
-0.0486461
-0.0628194
-0.0505147
0.0245659
-0.025809
-0.012513
-0.00469954
-0.0485341
0.0364348
-0.0877711
-0.0458334
-0.047634
-0.0753522
-0.0719181
0.04118
-0.0372455
0.0870888
0.0570514
0.0743969
0.0415617
0.0247669
0.0703217
0.0892759
0.0706763
0.0284163
-0.0931919
0.0021424
-0.00565921
-0.0569316
0.080561
0.0401665
0.0358088
-0.0789041
-0.0157439
0.0272673
0.0403072
-0.0477345
-0.00948108
0.0580033
0.0394546
-0.0189153
0.0798622
0.0872243
0.00375547
0.0240553
-0.0727821
0.0046499
-0.0948697
-0.0581053
0.0721354
0.0121334
0.0654128
0.0414528
-0.00663885
0.0581537
-0.0940731
-0.0626488
-0.0182472
-0.0301068
0.0516499
0.017372
-0.0713658
-0.0108489
-0.021847
-0.0474036
-0.0569887
-0.0173037
-0.0919383
0.0366574
0.0265757
0.0660322
0.0656414
-0.0272038
0.00966872
-0.017433
-0.0111156
0.0253371
-0.0131371
0.00177546
0.0145918
-0.104285
0.0139627
0.0757424
0.034891
-0.043388
0.0777088
0.0627136
0.0722994
0.0275268
0.0549559
0.0722501
0.0683299
-0.0901006
0.0293571
-0.0575613
0.0604989
-0.0891048
0.0166792
-0.0550241
0.0326252
0.0130485
0.00488166
-0.0127441
-0.0887307
-0.0100383
0.0836192
-0.0235288
-0.0602689
-0.0189571
0.0635737
0.0776404
-0.0668819
-0.0197133
-0.00797674
-0.0735869
0.0712595
-0.0613065
-0.0852017
-0.0906016
0.0289226
-0.088509
0.0207629
-0.0192828
0.0262428
0.0402734
0.0145769
0.0173081
0.0465303
-0.0589904
-0.0339449
0.0234155
0.0216419
-0.000197548
0.030217
0.00547647
0.0344763
-0.0712366
-0.0194128
0.0850904
0.0274874
0.0196412
0.0812275
-0.113868
0.0367774
0.0576654
0.0294059
-0.0542496
-0.0811416
0.0336554
-0.076743
-0.0753392
-0.0825736
-0.0960719
-0.0858081
-0.0696608
-0.0726305
0.0438892
-0.0384925
0.0962815
0.0572919
0.0535649
-0.0632045
0.0139481
0.00645791
-0.00550971
-0.0826841
-0.0238871
-0.115123
0.0239391
-0.109185
-0.113996
-0.0979376
-0.0614273
-0.00709791
0.040816
0.0452947
-0.0649855
0.0820648
0.00648528
-0.088824
-0.00746114
-0.0162642
0.0795843
-0.00272709
0.0072871
-0.0114014
-0.0264221
0.0417339
0.0239057
-0.0188272
0.0419233
-0.0072091
-0.0593792
0.0469596
0.00239217
-0.00834306
0.040998
-0.0356159
-0.00425666
-0.105997
0.0131613
-0.106672
-0.0128481
-0.0964425
0.0532477
0.0752964
-0.0152245
0.0295369
0.0404453
0.0974853
0.00468558
0.00239056
-0.0617237
0.0347855
-0.0911083
-0.0469824
0.00896867
-0.0590771
0.0912451
-0.0608767
-0.0756445
-0.0909599
-0.0811154
-0.0898202
0.0191051
-0.03257
-0.0830549
-0.103022
-0.0594164
-0.0489432
-0.0627224
-0.085221
-0.0131034
0.0193612
0.0781395
0.0687125
0.0929027
0.0262093
0.0218273
0.0788427
-0.0510403
0.0959244
-0.00744779
-0.0228654
-0.0844019
0.0691436
-0.0189158
-0.0424222
0.0552905
-0.02536
-0.101087
0.0164817
-0.0541266
-0.073672
-0.0906747
-0.0345435
0.00464896
-0.0206193
-0.0630915
0.0537582
-0.0233212
-0.0103804
-0.0782526
0.0417083
0.0308507
-0.0245987
0.0973603
-0.0119142
0.0854171
0.0316857
0.0178142
-0.00282826
0.0979094
-0.0405592
-0.0569034
0.0552201
0.0119947
0.023487
-0.132711
-0.0312611
-0.0620231
-0.0177534
-0.0697982
-0.0948123
-0.10638
0.0293637
-0.0869682
0.0674724
0.011483
0.0339236
-0.0710707
0.0174459
0.0290283
-0.0622934
0.0711855
-0.0547885
-0.0544558
0.0306673
0.0239356
0.0258196
0.0104637
-0.0374139
-0.0281526
0.0269944
-0.107815
0.00479522
-0.0982838
-0.146447
-0.108423
-0.0452554
-0.108979
-0.0070645
-0.118101
-0.0804232
-0.077607
-0.0622593
-0.0156019
-0.0159283
0.0251526
0.0370164
-0.0568322
0.0366446
0.0327278
0.0131377
-0.0701149
-0.0823164
-0.0553927
-0.028233
0.0816715
0.0255746
0.0246261
-0.0597523
0.0311471
-0.128295
-0.100939
-0.0439986
0.00406697
0.0147111
0.0222897
-0.040224
0.0401421
-0.071746
-0.111643
0.0572921
-0.0736872
-0.0587004
-0.0397935
-0.00903061
-0.0277041
0.0319836
-0.0609271
-0.0891378
0.0478922
0.0795063
0.0892259
-0.0654314
-0.0158126
-0.0443175
-0.000986582
-0.047469
-0.0675754
-0.000710082
-0.145811
-0.101874
-0.0421922
-0.140461
-0.0830945
-0.0166317
-0.00621656
-0.096723
0.0663511
-0.0838742
-0.0814975
0.0506373
-0.0843132
-0.0740024
-0.0127883
0.00745644
-0.0792879
-0.023807
-0.0475056
-0.0999342
-0.0910926
-0.0270451
-0.005325
0.093859
0.0252539
0.00830356
-0.102215
-0.138658
-0.0574671
0.0501084
0.0393894
0.0587594
-0.0238198
-0.050892
-0.0966079
0.00335127
-0.070895
-0.106568
0.0245356
0.0649957
0.0179963
-0.0758387
0.0714639
0.0356348
-0.0149746
0.0485951
0.0667458
0.0955681
-0.0682451
-0.0755814
-0.0551572
0.0627598
-0.0912361
-0.0148697
-0.0620053
0.0155041
-0.0474864
0.0158708
-0.0730824
-0.0963117
-0.0625348
-0.136146
-0.012988
-0.0672781
0.0350172
0.0683472
-0.0512487
0.0428085
-0.0805148
0.0427745
0.0261197
0.0337784
0.0923816
-0.0821134
-0.0829987
-0.0244653
-0.0547584
0.0360624
-0.0266754
-0.0652687
-0.0840036
-0.0832975
-0.0137248
-0.000910275
-0.0166013
-0.061283
0.0567186
-0.0142735
-0.0286645
-0.00342869
-0.0432281
0.013964
0.0396401
-0.0014001
0.0269777
0.0448857
-0.0961815
-0.0240266
-0.0574808
0.0928011
0.0330861
-0.0398472
0.0266053
-0.0701153
0.0952969
0.00848902
-0.0575751
0.0600445
0.0530822
0.0395823
-0.0256164
-0.00529927
-0.0747766
-0.0420636
-0.0647863
-0.0994759
-0.127965
-0.0692614
0.0475815
-0.0880172
-0.0849931
-0.0599284
0.0837601
-0.00430517
0.0662906
-0.0113398
0.0352714
-0.0538279
-0.0369353
-0.0740607
0.0396425
0.0532882
0.0947179
-0.0666942
0.0284602
0.000313504
-0.0951236
0.0200211
-0.00297752
0.0381564
0.0736406
-0.0869947
-0.0460594
-0.119658
0.045221
-0.0295727
-0.126973
-0.066262
-0.0243855
-0.0082135
0.0170504
0.0417713
0.0482989
0.0755016
0.0135336
0.0966823
0.00261925
-0.0862799
0.00539123
-0.0111501
0.10014
0.082269
0.0606843
0.0117086
0.0453119
-0.0236325
0.0701028
0.0178742
0.0723154
0.0749095
-0.11269
0.0131309
-0.0588086
-0.0487535
0.0229729
-0.0497411
-0.0407419
0.0354439
-0.105186
-0.0367941
-0.0158471
0.0394178
0.0686616
-0.0669401
-0.0743396
0.000540058
-0.0861871
-0.0996114
0.0070698
0.10744
0.0529323
-0.0696262
-0.029885
-0.0335246
-0.113907
-0.0798813
0.00351397
0.0473408
-0.0790375
-0.0889778
-0.0807289
0.0621174
-0.0111067
-0.0605218
0.0207275
-0.0963106
0.0387684
0.0192367
-0.0360874
0.0726269
-0.0830041
0.0965522
0.0954355
0.0500201
0.0282521
0.0726252
0.119639
-0.0780123
-0.0608243
-0.0377356
0.0694895
-0.0482824
0.0139795
-0.0255142
-0.0351458
0.0551094
-0.0810029
-0.106486
-0.0829633
0.0590346
-0.0411514
0.00781404
0.0565594
0.0176117
0.0387298
-0.0821975
0.0325692
0.0576675
-0.0345345
-0.0309164
-0.0701807
0.0950411
0.0596857
-0.0608818
0.0373662
-0.0722733
-0.0380165
-0.0360342
-0.0433675
-0.0899392
-0.0390896
-0.0293575
-0.0701891
-0.0372354
0.0778293
0.0773893
0.0813942
-0.0224509
0.0564026
-0.0317332
-0.0636955
-0.0375709
0.030854
-0.0944391
0.0577081
-0.063866
0.074163
0.0106101
0.0789811
0.0624078
0.0368958
-0.0493377
0.0292034
-0.0704547
-0.0455729
-0.0985245
-0.00384861
-0.00647023
-0.0893974
0.0821306
0.065538
0.0229492
0.0169708
-0.037281
-0.0183774
-0.0423474
0.0433568
0.0314261
-0.0512308
0.0812871
-0.0652166
-0.0248194
-0.0418684
0.0294326
-0.0302511
0.0295332
-0.00704983
-0.05752
-0.0952424
0.0234583
-0.0322599
0.0687683
-0.00499167
-0.0802598
0.0623471
-0.0110857
0.0482117
0.0907076
0.0163272
-0.0830819
0.0315297
0.0836673
0.0337795
0.073076
-0.0423587
-0.0144368
0.0114642
0.0941972
0.0477201
0.0578566
-0.0187455
-0.0507195
0.0562407
-0.00267643
-0.0524227
0.0613604
0.00745453
0.0829278
0.0240843
-0.077537
-0.0214655
0.0833302
-0.0229966
-0.022074
-0.0602072
0.0256237
-0.0453825
0.0352742
-0.03222
0.0440364
-0.0833792
0.0894258
-0.0405947
-0.0876615
-0.0694792
-0.0712555
-0.0653453
-0.0248019
0.0416213
-0.0280621
-0.0774617
0.0791568
0.0596934
0.0796111
-0.060107
0.0239171
-0.056375
0.0606159
-0.0491795
-0.0829524
0.0378932
-0.0504424
0.0890508
-0.0609179
0.0920713
0.0107804
0.00135862
-0.0346119
0.0349438
0.0486458
-0.0316596
-0.0921599
-0.0867915
0.0506699
-0.0988851
0.0202047
0.0492199
0.0882579
-0.087442
0.00403771
0.000480915
0.0506298
0.0189821
0.0905421
0.00761795
-0.045046
0.0507336
-0.0824773
-0.00879449
0.003554
-0.00659509
0.0130814
-0.0112585
0.0212864
0.0101771
0.0652062
0.0846326
0.0258028
-0.0236547
0.090891
0.00854796
-0.0770708
-0.087345
-0.0267531
-0.0931488
-0.0773268
0.00047146
0.0718183
-0.0303633
-0.0777667
-0.0182352
-0.0100783
-0.020345
-0.0349193
-0.0259717
0.0723228
0.0369693
-0.0343414
-0.0450253
0.0687147
0.0956969
-0.0672076
0.0248128
0.0480841
0.0265071
0.127112
-0.054793
0.0499353
-0.00315541
-0.0822175
0.0447459
0.0215134
-0.0157006
-0.029787
-0.0780613
-0.0254938
-0.0121559
0.0742392
-0.0284794
0.0200358
-0.00981599
-0.0133725
-0.057935
0.0939826
-0.0604203
0.0388362
0.00119568
-0.0639005
0.0571823
-0.0733053
0.0532729
0.0280749
0.0649735
0.118035
0.0657794
0.106267
0.0760514
-0.0120685
-0.0507433
-0.0803571
-0.0914768
0.0909806
-0.058196
0.00972781
0.0822575
0.0304618
0.0678188
0.0527832
-0.0106025
-0.0989253
-0.0487052
0.0976037
0.00796896
0.0402013
0.00480809
0.052776
-0.0473397
0.0919455
0.0853143
0.0682214
0.132636
0.059033
-0.0244978
0.0897335
0.115646
-0.0174935
-0.00791947
-0.0163982
0.0782608
-0.0593242
-0.00379955
-0.0306069
-0.00852661
0.0475252
-0.0663489
0.0740946
-0.0362402
-0.0814814
-0.0326214
0.0286177
0.0849753
0.0938139
0.00417183
-0.0374859
0.0676754
-0.0229733
0.13171
-0.0386101
0.13499
0.147727
0.0302672
0.0731457
0.021169
-0.0254192
0.0630612
-0.0454702
0.0073512
-0.0867023
-0.0888263
-0.0479137
0.0295841
0.0578767
-0.083997
0.0829246
0.0915163
-0.0405443
0.0431767
-0.0685388
0.0836762
0.023304
0.0240591
-0.0682267
-0.0220711
-0.0468645
0.00222443
0.060848
0.108512
0.113105
-0.0483586
0.128656
0.0599763
0.0667289
-0.0342561
0.0246938
0.0431923
-0.00624974
0.0431994
-0.0562546
0.0669843
0.0137411
0.0971909
0.0890656
-0.0552307
0.0059783
0.0208164
0.0459444
0.0844396
-0.0302652
-0.0690991
0.0733344
-0.0680803
0.0045053
0.0431493
-0.0213735
-0.0096165
0.063965
-0.000254997
0.0996969
0.0209606
-0.0392353
-0.0318738
0.0676953
-0.0775686
0.0214491
-0.0538021
0.0538825
0.00472399
0.0699036
0.046759
0.0709746
-0.0363646
0.0761823
0.0814225
-0.06664
0.0229667
0.118744
-0.0364275
0.121437
-0.026399
0.0347652
0.0250455
-0.0155797
0.00313115
-0.0605327
0.0643473
-0.0447805
0.0130569
0.0455257
-0.041783
-0.0483445
-0.0505359
0.0492003
0.0729334
-0.0736005
-0.0634964
0.0699053
-0.0903262
0.0531229
-0.00794039
-0.00828699
-0.0391065
0.061761
-0.0551571
-0.0586333
-0.00484024
0.0798923
0.0275629
0.047592
-0.0179259
-0.0450043
-0.0940891
0.059102
-0.0182761
-0.0129406
0.0344671
-0.0302784
0.0561745
0.0833414
0.0840884
0.0303697
0.0474796
0.0796467
0.083135
-0.0282346
0.0860831
0.0963956
-0.00102989
0.0628897
-0.0532282
-0.00813582
-0.0179771
-0.0138868
0.110787
0.0550159
-0.00996503
-0.0926069
-0.0362998
-0.135887
0.0760812
0.0219795
0.10781
0.00452661
0.0731336
-0.00594202
-0.0689357
0.0715985
0.028007
0.00346024
-0.0970494
0.00945923
0.0637832
-0.0948707
0.0319256
-0.00805441
-0.0382997
-0.0801049
0.0713077
0.0267005
-0.0187417
0.122756
0.0802613
0.0523011
0.00820651
-0.190101
-0.0999914
-0.0437483
-0.0690188
0.00570937
0.0387857
-0.0283834
0.0394989
-0.0500459
0.0354883
0.0173831
0.0868742
0.0955599
-0.0108997
0.0943473
0.089881
-0.0359178
-0.0991657
-0.0346014
-0.0146821
-0.0051006
0.0991893
0.0369674
0.143578
0.0347065
0.143639
0.0199812
-0.16494
-0.0870047
-0.219562
-0.071808
-0.00568865
-0.0484129
-0.0516138
0.0429355
0.00653082
0.039271
-0.095088
-0.0620162
-0.0375388
0.0155173
-0.0763399
0.00941143
0.0367625
0.0513727
-0.0522742
0.0795842
-0.0281774
0.0949442
0.0839547
-0.0472689
-0.0177267
-0.00332058
0.167829
-0.0648625
-0.0403448
-0.192108
-0.159487
-0.144269
0.034481
-0.0919876
-0.0366732
-0.0419818
-0.0488425
-0.143999
0.0640463
-0.0984216
0.0764019
-0.0772491
-0.0994543
0.016736
0.0124552
-0.0618077
0.0782349
0.0904858
0.072691
-0.0269966
0.0169364
-0.0847705
0.10111
0.135521
-0.0151675
-0.0402399
-0.0540603
-0.13509
-0.053607
-0.182872
0.0292185
0.102202
-0.0921742
0.0545403
-0.0212687
0.0545098
0.00984057
0.0639343
0.0656322
0.00608599
-0.0374072
-0.0744114
-0.0829871
0.0258755
-0.00291025
0.0111798
0.0617015
-0.0522362
-0.0171678
-0.0490457
0.0424376
0.0766437
0.102559
-0.021219
-0.0225087
-0.144594
-0.150275
-0.0204721
-0.112642
0.0345376
-0.0342748
-0.114754
0.0497753
0.0640671
-0.112639
0.0605357
-0.0719563
-0.0176888
0.068811
0.0989696
-0.0556478
0.075636
0.073795
0.0813812
0.0986707
0.0723881
0.0104678
-0.0741126
0.0597774
-0.0248746
0.0670197
-0.0864236
-0.100775
0.0164633
0.0271822
-0.155557
-0.00243692
-0.0823791
0.020726
0.0551517
-0.0784024
0.0334517
-0.0409415
-0.0350703
-0.0888548
0.000408689
-0.00270986
0.0548292
-0.097351
0.0399201
-0.0807153
0.060731
-0.0742653
-0.086167
-0.0615788
0.0543747
-0.0136477
0.0371976
-0.00164066
-0.039545
-0.059547
0.0229853
-0.0284481
-0.0500809
-0.0189403
0.0799823
-0.116966
-0.0893789
-0.0674256
0.0265568
0.0895449
-0.0224619
0.0162569
-0.0290749
-0.0916799
0.0543466
0.0434258
-0.0487999
-0.0273146
-0.0588631
0.0915334
-0.0410375
0.0124066
-0.0331713
-0.0934414
-0.00848409
-0.0507737
-0.0474887
-0.0558576
-0.151549
-0.0407776
-0.0108333
0.0381372
-0.085299
-0.0896061
0.0257533
-0.108258
-0.0259478
-0.08337
-0.0115144
0.0310049
-0.0476238
0.00750817
-0.0504195
-0.0155347
-0.0413726
-0.00297021
-0.0763954
0.031528
-0.0833923
-0.0552153
0.00499151
0.0352219
-0.0439193
-0.118111
-0.0322859
0.0119886
-0.141428
-0.0361501
-0.135394
-0.0412758
-0.0212023
-0.0760382
0.0801057
0.00241775
-0.0145219
0.0725407
-0.0904741
-0.0156288
0.0693442
0.0925262
-0.0526979
-0.0961256
0.0725097
0.0546995
-0.0998697
-0.0799901
-0.0101781
-0.0431213
0.0269829
-0.088754
-0.130261
-0.102295
-0.10278
-0.0757018
-0.011445
-0.0614287
-0.157607
-0.0157976
0.0415405
0.0697101
-0.00443417
-0.0927344
0.0312974
0.0698452
-0.0989987
-0.100534
-0.0101302
0.036171
0.0465026
-0.0923816
0.0681933
-0.0806589
-0.0236028
0.0846377
0.0511702
-0.0863551
-0.0779215
-0.0914523
-0.154817
-0.0379305
-0.00873061
-0.128598
-0.0313603
-0.0956629
-0.0225234
-0.0144209
-0.0652744
0.0476245
0.0703165
0.0417584
0.0963669
0.0605735
-0.0773065
-0.0699368
-0.0539943
0.0577584
-0.0568121
-0.0689983
-0.0811079
0.0147056
0.0525339
0.0934034
0.0306829
0.0586585
-0.0427315
-0.0866771
-0.0728351
-0.0937946
-0.0995651
-0.129305
-0.0885025
-0.127945
-0.0525546
0.0130434
-0.0647614
-0.00743038
-0.0262572
-0.0380742
0.0746881
0.0963907
0.0981762
-0.0332634
-0.101439
0.0179354
-0.0172786
0.0527018
-0.0810419
-0.0618689
-0.0975056
-0.0966987
-0.108566
0.0655429
0.0711403
0.023524
-0.0857043
-0.0130178
-0.154949
0.00764498
-0.0499032
0.0155874
0.0280934
-0.0927887
-0.0512627
0.065014
0.0431355
-0.0433431
0.114722
0.0992151
0.0955224
-0.0794188
0.0946943
-0.0508076
0.0966999
0.0593778
-0.0892443
-0.0274367
0.0100724
-0.0831446
-0.0624861
0.0305426
-0.0502247
0.0532442
0.0252936
-0.0972034
0.0552577
-0.129924
0.00900546
-0.00929006
-0.119011
-0.0361275
0.0932061
-0.0180045
-0.0482832
0.0946027
0.0616675
0.0850068
0.0462417
0.0712927
-0.00242646
0.0997681
0.0287063
-0.0673136
-0.0338195
-0.073115
0.042026
-0.100282
0.0726166
-0.0293388
0.0717401
-0.0801369
-0.0388405
0.0318868
-0.0560957
-0.0860193
-0.0949714
-0.105814
0.0632549
0.0442696
0.0847728
0.0506573
0.0538204
0.055901
0.0543377
-0.0300661
-0.0418077
0.0234612
-0.0255229
-0.0514782
-0.0990873
0.0853821
-0.0183707
-0.077984
-0.0815242
-0.066749
-0.0148311
-0.0808705
-0.0287974
-0.0693983
-0.0784185
0.0680711
-0.0716573
-0.0338006
-0.0982414
-0.0915171
-0.0821336
-0.0570552
0.0720756
0.0976232
0.0380651
0.01699
-0.0628037
0.0427656
0.0429372
0.0321991
0.0773277
-0.0590132
0.0412561
-0.0505303
0.0324022
-0.0661067
-0.0997454
0.089164
0.0626755
0.0360364
0.0244395
0.0120295
0.079893
0.0408522
-0.0851394
0.044048
-0.027836
-0.0525121
0.0188579
0.0336865
0.113086
0.114282
0.0333771
-0.0491241
0.0979603
0.0447552
0.0521385
0.0638174
-0.0163872
-0.0946384
0.045092
0.043757
0.0387404
0.0177357
0.047967
-0.0451559
0.0431088
-0.0140839
-0.00351335
0.0333098
-0.0671423
-0.0457622
-0.0603706
0.0224943
0.0639076
0.0490013
0.0555825
0.0461467
-0.0286564
-0.040839
-0.0161567
0.0047924
0.0644792
0.0226798
0.0526466
0.0498662
-0.076653
-0.054734
-0.0331757
0.0592079
-0.0769039
-0.0278625
0.000241922
0.067361
0.0340619
0.0902933
0.0686405
0.0245352
-0.0109583
0.0956277
0.00689352
-0.0963293
-0.00811539
0.0240416
-0.0453105
0.0514415
0.0136055
-0.066902
0.0475288
-0.0367667
-0.0579478
-0.055194
-0.0928638
0.0985256
0.0940497
-0.0688395
