1
10
784
-0.103655
-0.120275
0.00434551
-0.0424679
-0.0552098
-0.036599
-0.135725
-0.0693396
-0.0965039
-0.0949235
0.00594071
0.00590619
0.00371879
0.0288558
-0.023908
0.0148424
0.0494049
-0.0526884
-0.0179109
-0.00569495
0.000390892
0.0403977
-0.0988897
-0.0872603
-0.030888
-0.000896233
-0.0305191
0.0830042
-0.0887565
0.0733577
0.0479474
-0.0164914
0.0447635
0.0776145
0.0592867
-0.0188487
0.0540755
0.00987859
-0.0121015
0.0947662
0.0517824
0.0773962
-0.0775731
-0.0814638
-0.0876314
-0.0892854
0.00305086
-0.0404928
-0.0186458
0.096401
-0.095165
0.00306768
-0.0920126
-0.063797
-0.0730801
-0.0193381
-0.08231
-0.0958173
-0.0734272
-0.0279331
-0.00465867
0.0912034
0.0466098
-0.0547505
-0.0911859
0.0278403
-0.081656
-0.0807619
0.0262693
-0.0588303
0.0274658
0.0525741
0.0679953
-0.0265589
0.0998279
-0.0835984
0.0640635
-0.00540526
-0.0657558
-0.0465003
0.0849075
-0.0962493
-0.0197006
-0.0635184
0.0543308
-0.0390869
0.0393441
-0.0104964
-0.125834
0.0240559
0.0192952
-0.0558401
0.0999185
0.00218772
-0.0887545
0.0096546
0.0504935
0.0348437
0.0449273
0.0583345
-0.0792407
-0.0376607
0.0544384
-0.0442135
-0.0158711
0.0759252
-0.0816782
0.0813356
0.0479581
0.069916
-0.136069
-0.108098
-0.111436
-0.0692582
-0.0617075
-0.0693064
-0.0524226
-0.0787124
0.0199096
0.0157744
-0.056424
-0.0566278
-0.0894479
-0.0981298
-0.0101061
0.0612834
-0.0393509
0.0176985
-0.0176243
-0.0947259
-0.0653862
0.0484647
0.0136481
0.0748521
-0.0201298
-0.133244
-0.0225858
-0.00147964
-0.0600355
-0.064921
0.022085
-0.0846359
-0.00214509
-0.0123617
-0.112609
0.00131764
0.0505173
0.0985105
0.0551204
0.016278
-0.0963563
0.0761775
-0.0446249
0.0453937
-0.0689009
-0.0168394
-0.012317
-0.0615875
-0.0459888
0.0384877
-0.0551287
0.0465032
-0.0133958
-0.0571586
-0.0424753
0.0594079
-0.00404937
0.0823475
0.0121098
0.0512246
0.0905137
0.0697319
-0.0671095
-0.0374139
-0.0820636
-0.0782267
0.0015298
-0.0538024
-0.018594
-0.0291398
0.0589796
0.0470104
-0.0724389
-0.0687213
-0.0678807
-0.0610618
0.0598767
0.0492246
-0.060989
-0.0395733
0.0707061
-0.0962127
0.0667879
0.00413723
0.123239
0.148306
-0.0206248
-0.0294599
0.065167
0.024793
0.0405861
-0.0652195
-0.0469442
-0.00914451
0.0183168
-0.0861716
-0.0663891
-0.069912
-0.0555381
0.0247564
-0.0289252
0.0377008
0.0662355
-0.0438033
0.056104
0.0658807
0.0747458
-0.0531699
0.0545865
0.0197925
0.0863205
-0.0666553
0.0364481
-0.13562
-0.0950691
0.0631213
0.0710544
0.095024
0.07065
0.0323129
0.0479316
0.0191196
-0.0741087
0.00445765
-0.0170061
0.0884683
-0.0215016
-0.0444932
0.056794
-0.0737137
-0.0349041
-0.000931957
-0.0651148
-0.0516117
0.0609487
-0.0151697
0.00570392
-0.0241628
-0.0252827
0.0650053
0.0143111
-0.0863343
0.0563841
-0.0076126
-0.0862144
-0.0682584
-0.0556616
0.00708517
-0.149426
0.0192227
-0.0220928
0.0707802
0.092874
-0.0890695
-0.0847844
-0.0252951
-0.0257919
0.0445328
0.0129614
0.0933037
0.0695504
0.0953927
-0.00555953
-0.0362194
0.0220463
0.052401
-0.0798334
-0.155014
-0.0333542
-0.101398
0.0012056
0.0289359
-0.0636045
-0.0278533
-0.0559512
0.0175414
-0.0980282
-0.0138971
-0.0357961
0.0942646
-0.0297249
-0.0701318
0.0544082
0.0429516
-0.0593123
0.0343062
-0.0578471
0.0196391
-0.0343347
-0.0361207
-0.0915004
-0.100906
0.0128033
0.0380279
-0.0415976
-0.0660719
-0.234504
-0.119398
-0.186426
0.00550159
0.0279208
-0.0142431
0.0255046
0.0203906
0.0155282
0.0490016
-0.0850719
0.0985609
0.039114
0.0163983
-0.0989332
0.0629841
0.076395
-0.0258847
-0.0693593
-0.0274146
-0.0433106
-0.057788
-0.0845072
-0.0299664
0.00691225
0.09454
-0.108764
-0.142761
-0.14214
-0.0797578
-0.16856
0.0154694
-0.177773
0.0965963
-0.00435
0.0730622
0.0944649
-0.0501833
0.0476551
-0.031631
-0.0267935
-0.0400685
0.0515765
0.0756843
-0.0776645
-0.023774
0.0121655
-0.0482515
-0.101378
-0.0962693
-0.0226804
-0.0635895
0.0189426
0.0274819
-0.0108751
-0.19993
-0.0843136
-0.0335069
-0.0776597
-0.0176588
-0.0681993
0.0454471
0.0469549
-0.0309349
-0.0369396
0.0644182
0.0962658
0.025343
0.0344482
0.022789
-0.0313764
0.0178985
-0.0895071
-0.0971929
0.0832029
0.0707493
-0.110124
0.042136
-0.0155244
0.0120803
-0.0526064
-0.092407
-0.0490123
-0.164989
-0.116247
-0.119759
-0.110802
0.0443859
-0.118392
0.106839
-0.00795692
0.0896668
-0.0757861
-0.00324212
0.0710692
0.0155521
-0.0687497
0.0672935
0.0135884
0.0212134
-0.0892204
-0.0209718
0.0319795
0.00999346
0.0113022
-0.0358763
0.0309589
-0.0249464
-0.0110675
0.0876558
-0.0405004
-0.0523019
-0.110096
-0.117734
-0.0340625
0.0185449
-0.0715944
0.0849584
0.158725
0.0577639
0.09288
-0.0379318
-0.0278417
-0.0191463
0.0713245
0.00256093
0.0549886
0.0323267
-0.0117466
-0.0719347
-0.0434799
0.0205883
-0.00151086
-0.0853544
-0.0631469
-0.00515771
0.0480367
0.0609231
-0.00800304
0.0553961
-0.176187
0.0325689
-0.142773
-0.0056284
-0.0306479
-0.0546971
0.162316
-0.00451238
-0.0935115
-0.0590165
0.0389822
0.0593685
0.0242611
-0.0263447
0.0458911
-0.0212132
-0.0694639
-0.0932931
0.020734
-0.0667991
0.066325
-0.0759986
-0.0510981
-0.11452
0.0362243
0.0587299
-0.0547592
0.0725397
-0.0112674
-0.0761811
-0.147421
-0.0460608
0.070564
0.101444
0.0356002
-0.0266461
-0.0798034
-0.0560885
0.0123326
0.0786379
-0.0158258
0.014901
-0.0576252
0.0771641
-0.0158844
-0.0825755
-0.0591371
0.0292513
-0.0634319
-0.0372728
0.0547359
-0.0156453
-0.111409
0.0663447
0.0964103
-0.0816918
-0.185008
-0.10675
-0.130072
-0.0681403
0.0956209
0.0544125
-0.086785
-0.0969116
0.0834095
-0.0199461
-0.0393145
-0.0640388
-0.0813615
-0.065079
-0.0968119
-0.044898
0.0880201
-0.0109127
0.0279273
-0.00637066
0.0516991
-0.0656584
0.0696873
-0.0588021
-0.0333565
0.00299722
0.0246312
-0.0233875
-0.0478454
0.0783711
-0.0429673
0.00363237
0.0646954
0.0710293
0.0119034
0.0757541
0.0440524
-0.0199509
0.0598916
-0.0397021
-0.0242145
-0.00705835
0.0317973
0.062513
0.0257978
0.0809293
0.000776474
0.0929425
0.0383077
-0.0591458
-0.0868434
-0.0863059
0.0150524
-0.0290397
-0.0355816
0.0598126
0.0476172
-0.0163213
0.133405
0.0601597
0.00287356
-0.0431552
-0.0092217
0.00224174
0.0262767
-0.0667209
-0.0915989
-0.0759293
-0.00342004
0.0866637
0.0344742
0.0254832
-0.0742687
0.0886023
-0.00267566
0.0910096
-0.0536675
0.0493466
-0.014371
-0.0647021
-0.0661582
0.0278644
-0.131655
-0.0420906
-0.0596981
-0.00359931
0.0694557
0.0040163
0.0199983
-0.011815
0.051001
-0.0536519
0.0163358
0.0637482
-0.0775135
0.00299606
0.0166239
0.0769462
0.0750074
-0.0822112
-0.0572136
-0.0433452
-0.0888598
-0.0418936
-0.00597496
-0.0633521
-0.117596
0.0018015
0.0298931
0.0284249
0.0181486
-0.120053
-0.015266
-0.0542155
-0.11692
-0.0855221
-0.101037
-0.0875991
0.0211416
-0.0972906
-0.0824405
0.0729491
-0.0234028
0.0809128
0.0176819
-0.0898389
-0.0103723
0.0301302
-0.0234023
-0.0143133
0.00895432
0.010517
0.0618605
-0.0602231
0.0603878
-0.0686967
-0.0708391
0.0451527
0.0185844
-0.0487657
-0.116774
-0.129064
-0.0307314
-0.0787652
0.0181367
-0.0370702
0.00346773
-0.00343509
0.0572105
-0.0253688
-0.0538821
0.00182647
0.0888403
0.084281
0.0207937
0.0935305
-0.0710405
-0.0364135
-0.00552984
-0.0913353
0.00900456
-0.046443
0.0532522
0.0880119
0.000858041
-0.0949676
0.0762193
-0.016105
-0.0137914
0.00465245
-0.00702733
0.00829721
0.0963143
0.0964618
0.0931642
-0.054121
0.0179016
0.0674769
0.0710654
0.0501457
0.0073593
0.0696617
-0.097859
0.0531373
-0.00916793
-0.0240183
0.0864076
0.0764283
-0.0235191
0.0441347
-0.090828
0.0816198
-0.0917689
-0.0869975
-0.0823319
-0.0164258
-0.03239
0.0318664
-0.0175738
0.0292919
0.0422918
0.0760032
-0.0910194
0.0829466
-0.0503851
0.0865113
-0.0574598
-0.0952431
-0.0107481
-0.0362337
-0.0921078
0.0660421
0.0220415
-0.0892088
0.0155582
-0.0616296
0.054618
-0.0680675
-0.0502071
-0.0405275
0.0680862
0.0231601
-0.0224079
-0.0257344
0.0230885
-0.0527692
-0.0548611
-0.0630087
0.0558419
-0.0862252
0.0169709
0.0610618
-0.0092993
-0.0618045
-0.0878192
-0.0300219
0.0745644
0.0791261
0.0626779
-0.020942
0.0606213
0.0124794
-0.00376257
0.0942178
0.0846206
0.0760169
0.00649623
0.0560136
-0.000282189
0.0552249
0.0135966
-0.11434
0.031268
-0.0202383
0.00373139
-0.0282962
0.0800145
0.0169927
0.0232638
-0.066082
-0.0215414
0.0879741
-0.00773586
-0.0752277
-0.0401654
0.0622766
0.0541915
-0.00150828
0.047909
-0.0668416
0.0808697
0.062604
0.0119921
-0.000568264
-0.0987084
0.0806592
-0.0972826
-0.0140324
-0.0422622
0.0679578
0.074393
-0.0197959
-0.0181986
0.0103657
0.0703263
-0.0275559
-0.0808177
0.0846872
0.0713686
0.0639243
-0.0828091
-0.0913031
-0.0473191
-0.0797313
0.0764604
-0.0270703
-0.0755387
-0.080162
-0.037183
0.0030193
0.0572949
0.064972
0.0773922
0.0504124
-0.0117063
-0.0947299
-0.0174068
-0.0909073
0.00311697
-0.0243898
0.0349278
0.0354376
0.0931096
-0.0506613
-0.0861297
0.0548696
-0.0348931
0.0258634
0.00273754
0.00827536
-0.0730865
-0.0763797
-0.0876001
-0.0270639
-0.074779
-0.0773565
0.0735228
0.0832055
0.0824791
-0.00496509
0.0742717
0.0378924
-0.014856
-0.047951
-0.039526
0.0318985
-0.0980318
0.0592253
-0.0181283
0.0227418
-0.0452404
-0.0708406
0.0618808
-0.0859439
0.0740564
0.0041122
0.0645777
-0.096013
0.0341961
0.0247813
0.0573109
0.0280794
0.0953557
-0.0021813
-0.0695686
0.0166832
-0.030689
0.0931845
0.0194475
-0.0140839
-0.0383014
-0.0520208
0.0915257
-0.0186855
-0.0542304
-0.0495667
-0.00671643
-0.0679038
0.00663764
-0.110953
-0.103957
-0.0594983
0.0650186
-0.0262755
0.0988269
0.0577795
-0.031586
0.0627312
-0.0589452
-0.0531834
-0.0388476
-0.0648151
-0.0734667
-0.0791366
0.0606293
-0.0281872
0.00363983
0.0330298
0.0960166
0.0502214
0.0897104
-0.0491514
0.00905849
0.045169
0.00382218
0.0614721
0.0158713
0.036634
-0.0820917
-0.0420013
0.00228327
0.0840245
-0.0454468
0.0163722
0.0130532
-0.014745
0.0299014
-0.0743642
-0.0899899
-0.0442861
-0.0657757
-0.0419046
-0.00388671
0.0363787
0.00653613
-0.0931436
0.0357521
-0.107218
-0.0402512
0.0377331
0.0508498
-0.0258211
0.0202304
-0.0428369
-0.0134273
-0.130922
-0.0816374
-0.0309308
-0.0333588
0.0962591
0.0402069
-0.0509833
-0.00255364
-0.0510515
-0.0651856
0.078511
-0.0340452
-0.0618831
0.0472792
-0.0958289
-0.0332676
-0.0689053
-0.0620588
0.00107035
0.0122732
-0.0934671
-0.113683
0.0354114
-0.00539678
-0.0239957
0.0306168
-0.0422762
-0.0539861
-0.124558
-0.103569
-0.0288432
-0.0944588
-0.095983
0.0239822
0.0788635
0.0660776
0.072704
-0.0543368
0.0339196
0.00465847
-0.0595328
-0.035093
-0.019528
-0.0344319
0.0871532
0.0202265
-0.0823961
0.0173747
0.0239658
-0.0673405
0.0597164
0.0540441
-0.0879131
-0.0758168
-0.0354119
-0.10331
0.0344032
0.0516284
-0.0962707
0.0658541
0.0829389
-0.0650133
0.0654735
-0.0443242
-0.0935772
0.0595319
0.0771576
0.0386833
-0.0806012
-0.00476975
-0.0326307
0.0743027
0.0919296
-0.0558072
0.0372898
-0.0314226
0.0230267
-0.0728457
-0.105704
0.0444674
-0.122847
0.00434349
0.0517729
0.0177059
-0.052298
-0.0550262
0.0901026
0.0284072
0.0087563
0.0608475
0.0959001
-0.0450918
0.0290897
-0.0258903
-0.0758814
-0.0376685
0.0348646
-0.0285591
0.0445849
-0.0218798
0.0431723
0.0150881
0.0431979
0.0424781
-0.12304
-0.162673
-0.0858936
-0.120623
-0.123144
-0.0429772
0.00781438
-0.102072
-0.122359
-0.066898
0.0248338
0.0380901
-0.0916887
-0.0361924
-0.0896889
0.0201302
-0.0704316
-0.0344166
-0.040472
0.0265934
0.0987899
-0.034711
-0.049404
-0.0555114
0.0919404
-0.0974772
-0.0160088
-0.185065
-0.200954
0.00551877
0.1471
0.0218888
0.0371944
-0.0943265
-0.0477592
0.0479933
0.00786215
0.0121184
0.0110646
0.0244886
-0.0670944
-0.0845932
0.0797762
0.0410681
-0.00714614
-0.0842585
0.0714104
0.0418557
-0.0953608
0.0151115
0.0722805
-0.0477089
-0.0806776
-0.155448
-0.0209214
-0.231471
-0.0354165
-0.0378576
0.0282596
0.0757746
-0.058528
-0.0543584
-0.0863592
-0.0845047
-0.0132694
0.00903406
0.0399564
-0.0648345
0.0865654
-0.00891942
0.0045515
0.0894143
0.0728254
0.086018
0.0148936
-0.00841036
-0.0268811
0.0781645
-0.0222345
0.00637318
-0.0339404
-0.0077423
-0.170738
0.0941732
0.124999
0.01775
0.0023285
-0.0621066
-0.188204
-0.159073
-0.0126153
-0.0440609
-0.0282995
-0.119183
-0.120785
0.0911214
-0.00917974
-0.0430883
0.0107761
0.00218651
0.0402091
-0.0960289
-0.0542326
0.0650571
0.00568849
-0.0325855
0.0627504
0.019222
0.0125775
-0.172193
0.0499664
-0.00243374
0.0398795
0.00114882
0.0632407
-0.0256136
0.00969986
-0.0751805
0.0251878
-0.107854
-0.120611
0.0300617
0.00175771
-0.0338027
0.055616
0.0920995
0.0194297
0.0458915
0.0426322
-0.0400924
0.0532152
0.0694262
-0.0243386
0.0136603
0.0801172
0.0449369
0.0311439
-0.0545411
0.0293948
0.0299184
-0.0337336
0.0355707
0.108297
0.0727255
-0.0200715
-0.0281359
0.0371885
-0.0455628
-0.0653001
-0.0884827
0.0843603
-0.0239353
-0.00662996
0.091096
-0.0574659
0.0246057
0.0642569
0.0126815
-0.0545182
0.0975221
0.00434395
0.034772
0.0302302
0.00238314
-0.0734549
-0.0865119
-0.00704949
-0.112639
-0.0665364
-0.00813758
0.102792
-0.038803
-0.12158
0.0253574
-0.0395144
-0.00202583
0.0433848
0.0687604
0.0337264
0.0601558
-0.00163917
0.046639
0.0296784
0.0617184
-0.0274945
-0.0181293
0.00529027
-0.0438294
0.0231986
0.0556683
0.0339143
-0.0205702
-0.0637394
-0.011238
0.0688174
-0.064951
-0.14487
-0.108914
-0.0627318
0.110498
-0.0745868
-0.0381668
-0.000752111
0.0242998
0.053993
-0.0204207
-0.0560913
0.0428169
0.0937938
-0.0572107
0.00733694
-0.0110478
0.065393
0.0323651
0.0562008
-0.0518447
0.0811383
0.0121294
-0.0381249
-0.0407302
-0.0615505
-0.0415699
-0.0394912
0.00782506
-0.185257
-0.155718
0.126002
0.0896289
-0.114425
-0.172942
-0.0545423
-0.0913929
-0.0956767
-0.109963
0.0989025
-0.0559071
-0.0819269
-0.0218679
-0.0732582
0.0945495
0.0952797
0.0636561
0.00464363
-0.0370316
0.0624575
-0.0493953
-0.0715115
0.0642023
0.0227185
-0.0492742
0.0432905
-0.0599798
-0.0303686
-0.0410345
0.0026484
0.0335439
-0.125969
-0.111267
-0.0861842
0.059601
-0.0493459
-0.121284
-0.0403502
0.0671097
-0.0117591
-0.0411102
0.0464165
-0.0057352
0.0931845
0.000792488
0.0759504
0.000363515
0.0934049
0.0242566
-0.0335404
-0.0468945
-0.0701363
0.0695216
-0.0879226
-0.0244347
-0.11766
-0.182522
0.161269
0.180838
0.0121722
0.00243189
-0.071266
-0.0898848
-0.0843298
-0.0493339
-0.00109472
-0.0711555
-0.0669638
-0.0962009
0.0572348
-0.00444289
-0.085267
0.0694146
-0.0648907
-0.0162857
0.0381468
-0.0430434
0.0961493
0.092886
-0.0653435
0.0152951
0.0207274
-0.0155604
-0.00338041
-0.0937049
-0.00144606
0.0612903
-0.0979788
0.00250865
-0.0974273
-0.0564245
-0.0206798
-0.0307322
0.0974491
0.0813838
-0.062761
-0.0852773
-0.00923291
-0.0742291
-0.0747785
0.00253491
-0.0165627
0.0563106
0.0451326
0.0110283
0.0965629
0.038248
-0.133917
0.0289273
-0.143639
-0.0263398
-0.0839137
-0.174376
-0.0214804
0.0197832
-0.00781531
-0.0737513
-0.0792957
0.0510647
-0.0540101
-0.0943627
0.08779
-0.00385394
0.00536299
-0.0425893
-0.0168408
0.0124334
0.0166426
0.0810386
-0.0774214
-0.0621701
0.0741806
-0.0111829
-0.00620653
-0.0307596
-0.101564
0.0254537
-0.0758395
-0.1008
-0.0456901
-0.0733685
0.053015
0.0990029
-0.0287776
-0.0829559
-0.0910337
-0.0963413
0.0533244
-0.0273359
-0.0338953
0.0960536
-0.0549691
0.0931777
0.061448
0.0492022
-0.0836302
-0.0584959
-0.0337715
0.0500712
-0.0510665
0.0600294
-0.12043
0.00173823
-0.0593709
0.0367382
-0.0772242
-0.00334383
0.0787829
-0.0185684
0.0523807
0.0983753
-0.128002
-0.0158502
-0.0756968
-0.0871361
0.00669527
0.0118066
0.00388265
-0.0558121
0.00737826
-0.0310985
-0.006779
0.0256007
0.0317099
0.0560293
-0.0512151
0.0394548
-0.068258
-0.115292
0.04096
-0.0861161
-0.0747318
-0.060734
0.0914209
-0.0815327
0.0453334
-0.111057
0.0386045
0.0163971
-0.0517671
0.0390685
-0.00337839
0.0414028
-0.0839764
0.00222443
-0.0716495
0.0108489
-0.00551461
0.000316622
-0.0772777
0.0135122
0.052279
-0.0846857
-0.0728533
-0.0870343
-0.0255747
0.0231074
0.0252263
-0.0261717
-0.0280895
-0.0895764
0.0616776
-0.0145743
0.0715733
-0.0316856
-0.106377
-0.0811466
0.000258889
-0.0828045
-0.00564936
0.0853125
0.0571891
0.0424812
0.0145784
0.0264888
0.00531554
-0.0810283
0.0918233
-0.0164083
-0.0571989
0.062947
-0.0128835
0.0404376
-0.0696097
0.0348928
0.0527138
-0.00569974
0.03506
0.080012
-0.0192852
-0.00481933
-0.033156
-0.00855487
0.0446562
-0.0665398
-0.0940636
0.0914624
-0.0987789
-0.0585502
-0.0529604
-0.0194909
0.0912123
-0.0293747
0.0324976
0.0556386
-0.0610734
0.00183851
0.0603484
0.0748716
-0.0657242
-0.0813705
-0.029981
-0.00546684
0.00438017
0.0663597
-0.0886877
0.0384938
-0.0174811
-0.0229754
0.00308639
-0.0125138
0.0586125
0.0146643
-0.0660355
0.0706482
0.0785268
-0.0291759
0.0483299
0.0557134
-0.0841713
-0.0670404
0.0148438
-0.000276668
-0.0907583
0.00813535
0.0958737
0.0989858
0.0929188
0.0712784
-0.0054407
0.0341869
0.0235952
0.0542271
-0.0318299
-0.0879497
-0.0534287
0.018022
-0.0432785
-0.116551
0.0210486
0.0457694
-0.094744
0.0137425
0.0494686
-0.0128522
0.094304
0.045427
-0.0796067
0.0282055
-0.0188032
0.039611
-0.0901223
-0.0954501
0.0712925
0.00136064
0.0863358
0.0336676
-0.0773182
-0.0618717
-0.0827646
-0.00909716
-0.021113
-0.00292365
0.00359956
-0.0514474
0.0166945
-0.0521089
-0.0262445
0.0849331
-0.0441473
-0.0728044
-0.0338498
-0.0151568
-0.0985989
0.0411115
-0.0538406
-0.0273153
0.0162671
0.00895655
-0.0289966
-0.00390259
-0.0264413
-0.00354982
0.0416592
-0.00144415
0.0778356
0.0645207
-0.0962715
-0.0766787
-0.00909825
-0.0842031
-0.0629321
-0.0651188
-0.0962353
0.0672319
0.00891969
0.0275225
0.0345603
-0.0690078
0.0124268
-0.00863708
0.0639194
0.0932678
0.0941217
-0.0306056
-0.00505097
0.0282827
-0.0672908
0.061094
0.0314732
-0.0442053
-0.0812892
-0.0247076
0.0552949
0.0817625
0.0775285
-0.0900715
-0.0800153
-0.0940927
0.0227352
-0.0886435
-0.0482296
-0.0432829
0.0736753
-0.0782241
0.0823571
0.0828665
-0.029657
-0.00317302
-0.110322
-0.092966
0.0360037
0.0715853
0.0999572
-0.0933529
0.0766423
0.0252117
-0.082187
0.0898001
0.0663348
-0.00198733
-0.0437108
-0.0962595
-0.0705591
0.0521827
0.0956656
0.0643504
-0.030466
-0.0048428
-0.00759091
0.086912
-0.0371415
-0.0273891
-0.000239918
0.0718585
0.0156146
-0.0590694
-0.102312
-0.00820538
-0.0661914
0.0608468
0.0778841
-0.00981394
0.0978819
-0.0320618
-0.0383783
0.000372078
0.0908101
0.0765235
-0.00312321
-0.0886089
0.0748947
0.0237855
0.0043259
0.00826811
-0.066941
0.0593833
0.0408929
0.00825403
0.0059398
-0.107882
0.0431407
0.0688832
0.0223102
-0.0419378
-0.0778365
-0.00130601
-0.0517933
-0.0140854
-0.0514818
-0.00582961
-0.0332369
0.080678
-0.0177933
-0.04897
-0.0179026
0.0742195
0.0248657
0.0440809
-0.0923494
-0.0674291
-0.00549315
0.0884711
0.0190853
-0.0856469
-0.096527
-0.040303
-0.00526012
-0.00502266
-0.112465
-0.0562566
-0.080308
-0.0429485
-0.0695944
-0.0453575
-0.0238129
0.0684839
-0.0836821
0.0150795
-0.0228211
-0.00297937
-0.0211284
-0.0572435
0.0760982
-0.0306496
-0.0254245
-0.0304164
0.0208043
0.0218166
-0.0483509
-0.0107346
0.0220047
0.0907452
0.0171151
0.0736953
-0.0928344
0.044065
-0.0334291
-0.0684677
-0.0334084
-0.0883801
0.0504186
-0.0751153
0.0206936
0.0875799
0.0297525
0.0617666
0.0250277
0.0571336
-0.0562097
0.0118292
0.018251
0.0506285
0.0433189
0.00451673
0.0963141
0.0839384
0.0920569
0.0311722
0.0875019
0.0596329
0.0075202
-0.017775
0.00845821
0.0420825
-0.0895881
-0.0122032
-0.098285
0.0337736
-0.101385
-0.0608414
0.0471461
-0.00233362
-0.0496304
-0.00682352
0.0618656
0.085521
0.00719135
0.0976178
-0.0502271
0.0202988
0.0216698
0.0818138
-0.00498601
-0.0297443
-0.0265031
-0.0706164
-0.123081
0.0248493
-0.0106289
-0.120088
-0.0624611
-0.105435
-0.133035
-0.0982977
0.0142955
-0.0727443
0.0189815
-0.0674625
0.0054785
0.0432164
0.0648367
-0.0355404
0.0888466
0.0605214
0.00774413
-0.0681129
0.038085
-0.0379232
-0.0825304
0.0351402
0.0790538
-0.0286486
0.0727118
0.00109376
0.0937832
-0.0496415
-0.0378511
-0.109551
-0.0413024
-0.0104286
0.026248
-0.0412193
0.0365946
-0.103972
-0.0890909
0.0605202
-0.0286572
-0.0837202
-0.00509967
-0.053942
0.0312235
0.0763684
-0.0903698
0.021035
-0.0284052
-0.0496054
0.0184515
0.0109514
0.0664226
-0.0162613
-0.0145205
0.0699594
0.0429587
-0.0320826
0.0579986
-0.0426266
-0.0866496
-0.147903
-0.109594
-0.0915055
-0.0588658
-0.00438296
-0.0123801
-0.109852
0.0192361
-0.0429678
-0.0171095
-0.000656107
0.0738094
-0.00341215
0.00568887
0.00268525
0.0115373
0.0736908
-0.038088
0.0692411
0.0276987
0.0920883
0.10814
0.0792923
-0.00944461
-0.114194
-0.0558304
-0.0443272
-0.0843582
-0.00773862
-0.165983
-0.101477
-0.0360476
0.0230387
0.058607
-0.0363609
-0.0187075
-0.0384741
-0.0268733
0.0574148
0.0461826
0.0203107
-0.0494365
0.0670887
-0.05105
0.077951
-0.0456327
0.0990899
0.00691175
0.0035247
0.140507
-0.0345713
-0.106107
-0.156691
-0.215102
-0.20396
0.0804912
-0.0159404
-0.154602
-0.0952792
-0.038902
-0.115063
-0.0640757
-0.0046051
-0.0825555
-0.0265611
-0.052274
-0.00950491
-0.0153776
-0.059725
0.0513234
0.0852328
0.00076432
0.0966157
0.0318461
0.0498806
-0.106335
-0.074956
-0.0923809
0.0276411
-0.0349242
-0.1565
-0.145175
-0.0336754
0.0490442
0.0351277
-0.0336705
-0.0237765
-0.0994805
-0.0898175
-0.0407119
-0.0305945
-0.0481849
0.0127266
0.0258241
0.0914156
-0.0686264
-0.0348686
0.0272821
0.0405259
0.0880263
-0.0435961
0.0119537
-0.0794608
0.0334287
-0.0494224
0.0859404
-0.115253
-0.101712
0.055711
-0.133334
0.00524799
-0.11077
-0.0956638
-0.121314
-0.065222
-0.0616304
0.0762229
0.0219707
0.00970074
-0.0344134
0.0428907
-0.0886965
-0.0225452
0.0373037
-0.0710575
0.0718123
0.00503791
0.0956881
0.0306437
-0.0845959
0.0483391
0.00989358
-0.0919377
0.0415715
-0.0126545
0.00231329
0.0506722
0.0367807
0.0365999
-0.0758509
0.033002
-0.141759
0.0581716
0.0202862
-0.113175
-0.0496872
-0.0573417
0.0997996
0.0368626
0.0612118
-0.0816651
-0.0860008
-0.0557102
0.0886752
0.00205373
0.096227
-0.0593958
0.0371299
-0.0806656
0.0376926
0.0368495
-0.0136407
-0.0816458
-0.00335277
0.00604169
0.048438
0.0597794
-0.124068
-0.111196
0.00101426
-0.018193
-0.0855227
-0.0478334
0.0481762
-0.119587
-0.00966045
-0.0816764
-0.00527083
0.0837366
0.0028793
0.0391572
-0.0438468
0.0494222
-0.0412658
0.0291815
-0.0376209
0.0121768
0.0940843
-0.0721563
0.0397902
0.0360065
-0.0876768
-0.0340452
0.0250137
0.0112126
0.0358513
-0.0666011
-0.136704
-0.119783
0.0166106
0.0220716
-0.0791166
0.035081
0.0988914
-0.0107293
0.0762964
-0.0254873
0.0416542
0.0726399
0.042685
-0.0930891
-0.0263092
0.0830427
0.0442436
0.0827511
0.0601266
-0.0553385
-0.077814
0.00216213
-0.123091
0.0130435
-0.0498777
0.0877596
-0.1108
-0.178441
-0.0344046
-0.1592
-0.0900882
0.0128853
-0.117738
-0.0462107
0.0967982
-0.0663344
0.0225138
0.000476351
0.0542944
0.00410802
-0.0963812
0.0859143
-0.0856367
0.0371668
-0.0844592
0.00618649
0.00478172
-0.063268
-0.0928578
0.101704
0.0786349
-0.0497368
0.000630818
-0.0375892
-0.193575
-0.088769
-0.044783
-0.063214
-0.0889878
0.0254324
-0.0530971
-0.0172884
-0.0575141
-0.000513305
0.0173267
0.0568911
0.0452047
0.0868522
0.0361349
-0.0907075
-0.0424986
-0.0698004
0.0810175
0.0815296
-0.0670027
-0.00340892
0.137021
0.117667
0.03447
-0.0275265
0.0250901
-0.0383062
0.0878108
-0.0148867
-0.0214956
-0.108838
-0.0214497
0.0485629
-0.0353843
0.0325166
-0.0615877
-0.0185838
-0.0449874
0.0777132
0.0835308
-0.0600991
0.0230867
-0.0714601
0.079946
0.0137276
0.0162706
-0.00901515
0.0309461
0.116949
-0.00180327
0.0484737
0.000403039
0.0676104
0.0454612
0.0314411
0.0553648
0.0458504
0.0308971
0.121411
-0.122324
0.0452554
-0.0625285
0.0442095
-0.0115127
-0.0158021
0.0218594
0.0870845
0.026642
0.0409047
0.060558
-0.0239482
-0.0193208
-0.00233363
-0.0459806
0.0771843
0.0556029
0.129282
0.0362004
0.145323
-0.0556003
0.0111882
0.0603598
-0.117687
0.0688077
0.0442928
-0.0537547
-0.0500191
0.0698312
0.0163177
-0.0246457
-0.0196058
-0.0432514
-0.00552343
-0.0565981
-0.0573275
-0.0288892
-0.0726504
-0.0412096
-0.00464631
-0.0691405
0.0624083
-0.0885388
0.148437
0.0608377
-0.0139362
-0.000858221
0.0210065
-0.0589356
-0.00809215
-0.0181187
0.00686528
-0.0315021
0.0426007
0.128198
0.12954
0.162787
0.0534401
-0.0178644
-0.00221458
0.0311912
-0.0692595
0.00384609
-0.001868
0.0547112
0.0776757
0.0490826
0.025754
-0.0401438
0.0183447
0.0191668
-0.0989949
-0.0247538
-0.0933836
-0.0838514
-0.110457
0.0966208
0.0907179
-0.0818437
-0.0663855
-0.11319
0.00887185
0.0136199
0.085313
-0.0394159
0.081979
-0.0449958
-0.010489
-0.0888238
-0.0268286
0.0670904
0.0384948
-0.0224278
-0.0481885
0.0310442
0.0140968
-0.034975
0.082838
0.0730475
-0.0502997
0.00361624
0.0917195
-0.11445
-0.0812887
0.0187793
-0.0362013
-0.03409
0.0064337
-0.0336278
0.0372147
0.0369226
0.00605135
-0.0433255
0.0628973
-0.0108184
-0.0819577
-0.0931933
-0.0586004
0.0811069
0.0537752
-0.066119
0.0339416
-0.0882715
-0.0550745
-0.0969905
-0.0111512
-0.0941586
-0.00426615
0.0150211
-0.0487423
-0.0334318
-0.0488657
-0.00547436
-0.064092
0.0296197
-0.00491355
-0.0296237
0.0728721
-0.0974489
-0.0851319
-0.0792813
-0.0883345
-0.0417854
-0.0925581
0.0471882
0.0751829
-0.0936492
0.0134304
0.049036
0.0843586
0.0145035
-0.0509295
0.059612
0.074059
-0.0223862
-0.0828943
-0.0976851
-0.00341754
-0.0266785
-0.0188297
-0.0260516
-0.112455
0.0389721
0.0407524
-0.0439291
0.017304
-0.0339985
0.0130609
0.0656316
0.0911625
-0.0779591
-0.0297594
0.0418909
0.0884237
-0.0620247
0.0179366
0.0836697
-0.00109814
-0.089971
0.0795881
-0.056579
-0.0271145
0.0256587
0.0515245
0.0480859
-0.0595687
-0.0273202
0.0673372
0.0821698
-0.0235277
-0.0270366
0.0377263
0.0575179
-0.0741977
0.0431529
-0.0154838
-0.00278652
-0.0020449
-0.087254
0.0136422
-0.0790688
0.0488965
-0.0971397
0.0914903
-0.0690693
-0.0771445
-0.0859622
-0.0412822
0.00176269
-0.0449176
0.0525686
0.0175201
-0.0990436
0.0897876
-0.0191525
0.007466
0.0442064
-0.0409293
-0.0765173
0.061157
-0.00960457
0.0423056
0.0907696
0.0457869
-0.0187788
-0.00860642
0.0724113
-0.066149
0.0913161
0.0961305
-0.0389364
-0.00718642
0.00504858
0.00869792
0.0763143
-0.0372955
-0.0276573
0.0424657
0.0333743
0.0420068
-0.000206942
-0.0212545
0.0653207
-0.0395066
-0.000365038
-0.0626845
0.00401071
-0.0166615
-0.0450161
0.0360648
0.0446094
0.00920725
0.0380757
-0.0649942
0.0335903
0.0619372
-0.0829315
0.0421404
-0.0098645
-0.0217366
0.0823187
0.0682294
-0.0766239
0.024958
-0.0250261
0.0887268
-0.087157
0.0463979
-0.00272164
0.0344087
-0.047673
-0.0115445
-0.0383599
-0.00474915
0.0741712
0.00477918
-0.0140952
-0.0137981
-0.0866717
0.0446282
-0.0784271
0.013333
-0.0194519
-0.0807905
0.0180599
-0.0252097
-0.02924
0.0270754
0.0582055
0.0362478
-0.0348672
0.0977127
0.086669
0.0958079
0.0581897
0.0300708
-0.0483336
-0.02159
0.069777
-0.0838092
-0.0399687
0.066643
-0.0284067
-0.0291026
-0.00621299
0.0568218
-0.0738683
-0.130782
-0.0643004
0.0170491
-0.122149
0.0445178
0.0649101
-0.0375045
0.00576792
0.00889361
-0.026036
-0.0676216
0.0663193
-0.0602764
0.0566796
-0.0222515
-0.03559
0.0303466
-0.0807903
0.0774114
-0.055417
0.0384219
0.0935927
-0.0409759
0.0277998
0.00119219
-0.0414766
-0.0174963
-0.0535994
-0.1359
0.0383847
-0.0667269
-0.085837
0.0580558
-0.0851898
-0.00583697
0.0245584
-0.0864169
-0.0444054
0.0808799
0.0897519
0.0824153
-0.0977222
-0.0348658
0.00594226
0.0505982
-0.0881509
0.0861346
-0.030466
0.0977368
-0.000200443
0.0277147
-0.00521037
0.0639031
-0.120183
-0.0151234
-0.0562647
-0.036866
-0.115829
-0.0921668
0.0542783
-0.0452818
-0.00466254
-0.0514745
-0.0335632
0.0717386
0.0208735
0.0367696
0.0289007
-0.0859929
-0.00258449
-0.0276403
-0.0668144
0.0516079
-0.0182911
-0.0794555
-0.056292
-0.0249234
-0.0865816
0.0383379
0.120566
0.0666201
0.0119798
0.0346101
-0.0748366
0.132437
0.0821735
-0.11148
0.0416537
-0.0181847
0.0487691
0.0406098
-0.0124246
-0.021395
0.0572429
0.0434981
-0.0939135
-0.0886911
-0.00788198
0.0515187
0.0479423
-0.0315949
0.0684553
-0.0160369
0.0729207
0.0864818
0.124188
0.104424
0.0182048
-0.048446
0.0891473
0.00758275
0.0337499
0.0523957
0.0978929
-0.0803465
-0.0186612
-0.105306
0.0103576
0.0120411
-0.0327962
0.00727842
-0.0230499
-0.0368793
-0.0999259
-0.0420066
0.0334493
-0.099548
-0.0933922
-0.0962072
0.0987312
0.00570369
0.0372574
0.0594072
-0.0125732
-0.0928963
-0.0214648
-0.201087
-0.124117
-0.0338247
-0.0417811
-0.0350058
0.0370387
0.0316314
0.0257572
0.0110958
0.0111053
-0.123621
0.00703387
-0.00646421
-0.0121377
0.0150874
-0.0897709
-0.0559717
0.0693198
0.0521746
0.0156693
0.0644012
0.023418
0.0739826
-0.0643223
-0.127379
-0.0064023
-0.184374
-0.192227
-0.189411
-0.213141
0.0485512
-0.0688947
0.0797642
-0.00849855
-0.0820676
0.0294606
-0.0565185
0.012887
-0.0862334
-0.0352968
0.0215087
-0.0991733
-0.068657
-0.0178013
-0.0208174
0.0982535
-0.00992332
-0.00183951
-0.0611918
-0.050212
-0.104151
-0.0172176
-0.032589
0.00124163
-0.130095
-0.162846
0.0739188
-0.0125212
-0.0382045
-0.0180506
0.0856708
0.0246852
-0.1547
-0.114575
0.0395546
-0.0865179
-0.031397
-0.0637402
-0.077498
0.0966228
-0.0874673
-0.085043
0.0705917
0.0291273
-0.0434972
-0.066322
0.0908338
0.0675346
0.00923012
-0.0482698
-0.0751141
-0.039573
0.0470371
-0.0612932
-0.0255581
-0.0126537
-0.0805304
0.0494841
-0.070433
-0.0573602
-0.0903
-0.148409
-0.0845224
-0.0469869
0.00448193
0.0574067
0.0981276
-0.0685822
-0.097238
-0.0772239
-0.0793453
-0.0771197
0.0156259
-0.00919081
0.0387537
0.00843271
0.0306611
0.0440953
-0.135413
-0.069182
-0.0774664
-0.11449
-0.125066
-0.0441695
-0.0255457
-0.0466033
0.156646
0.0524348
-0.0871865
0.000591134
-0.0183851
-0.0046506
-0.0393387
0.00269553
0.0489476
0.0913007
0.0204897
0.0334981
-0.0162872
0.0676637
-0.0879282
-0.0584621
-0.0919684
0.0490327
-0.0263404
-0.10203
-0.110381
0.00818953
0.0152673
-0.144682
-0.0192891
-0.101579
0.0376851
-0.0576739
0.0489334
0.0287165
-0.0174995
-0.0276537
-0.0673712
-0.0220351
0.0445825
-0.070508
0.0327477
0.0397019
-0.0509908
0.0491321
-0.0602608
0.0307225
-0.0385494
0.0243285
0.0486782
0.0193203
-0.09303
-0.113461
-0.116002
-0.0188542
-0.00984513
0.0469472
-0.0750262
-0.082921
-0.183525
0.00737722
0.0255267
0.163957
-0.0889404
-0.058753
-0.0396292
0.0475945
0.0799441
0.0571184
-0.071412
0.0293624
0.0859682
-0.0715393
-0.0343624
0.0419573
-0.0751171
0.094759
-0.00260544
0.0386584
-0.0339097
-0.118387
-0.115912
-0.0684216
-0.0788219
-0.0872116
-0.0561451
-0.0137268
-0.172112
0.0323905
-0.010597
0.098745
-0.124847
-0.0412061
0.0108028
0.00897001
0.0349742
-0.0163877
0.0236897
-0.0358715
0.0655217
-0.0665001
0.0802284
-0.0299647
0.0837474
0.0737643
0.0190408
0.0162273
-0.0569512
0.0315477
-0.127181
-0.126217
0.0814365
-0.021879
-0.141936
-0.08833
-0.167478
0.0965764
-0.0444294
0.022185
-0.110881
-0.0792158
0.0584988
-0.0195311
-0.0151806
0.0871146
-0.00770697
0.0725282
-0.0807717
0.0925993
0.0633147
0.0730701
-0.0803905
-0.0484381
-0.0474122
0.0250648
-0.0290903
-0.043856
-0.0973842
0.0195049
-0.160523
-0.0694683
-0.146859
0.088073
-0.0106481
0.130731
-0.000408391
-0.101556
-0.0497525
-0.100537
-0.0251124
-0.0176598
-0.0743574
-0.0279002
-0.0348742
0.0330511
-0.0873481
0.0274788
-0.006789
-0.0377334
0.0356395
-0.0782686
0.0466378
-0.00432131
0.0177899
0.0711833
0.109532
0.117096
0.11547
0.0999534
0.130486
0.0506
-0.0554639
0.0806518
0.0333607
-0.0310641
-0.0121502
-0.0450334
-0.00499505
0.0653382
0.0837334
0.0251372
0.0517841
-0.0453062
-0.0595524
0.0948314
-0.0604662
0.056349
0.059197
-0.0408284
-0.0343101
-0.0643413
0.0588035
0.0284922
0.0376605
0.147531
0.0485312
-0.0384205
0.12005
-0.102049
-0.0362883
0.0238749
0.0147408
0.0436916
0.0629221
0.0365998
0.0692403
-0.0331288
-0.0946609
-0.0122554
0.0687755
-0.0960131
0.0872799
0.066701
0.074839
-0.0463891
-0.0539807
-0.0760207
-0.00681866
-0.00813149
-0.0486007
-0.00295271
0.0669299
0.0618515
0.00824385
0.00643449
0.0339387
-0.048582
-0.0117108
-0.12405
-0.111185
-0.0199483
-0.0460879
-0.0550165
-0.08812
-0.0113291
-0.0927427
0.0801195
-0.013174
-0.0100114
0.00623188
0.0842155
0.0183092
0.0878651
-0.0978142
0.0212392
0.0368948
-0.0193415
-0.0560197
-0.0990021
-0.107596
-0.0375093
-0.0204507
-0.0282759
0.0505154
-0.0404885
-0.0505477
-0.00772187
-0.00413311
-0.0643157
-0.0297736
-0.0590958
0.0108484
-0.0076328
0.0674067
-0.0975355
-0.0969101
0.0820394
0.0463086
0.0968971
-0.00831143
0.00379075
-0.0103916
-0.0456911
-0.00711044
0.0700971
-0.00764549
0.0731122
0.0345345
0.0560741
0.0385725
0.0346717
-0.100152
-0.0394448
0.0273811
-0.0750604
0.0512426
0.0328762
-0.0787237
0.0575103
-0.085085
-0.0202552
-0.0936744
-0.0768522
0.0886945
-0.0422995
-0.00521684
0.098105
0.0615134
0.0913364
-0.0568186
-0.0331541
0.0287979
0.0810881
0.0268848
0.0846112
-0.0252861
-0.023176
0.0504277
0.0557218
-0.0836147
-0.0750792
-0.0621822
-0.0857905
-0.0243776
-0.0184712
0.0763163
0.0565766
0.0729982
0.0564697
0.0240572
0.0591112
0.00574846
0.00598357
-0.0274373
0.00513898
0.0460484
-0.00786851
-0.0767851
-0.0931645
-0.0209667
0.0143669
0.0384566
-0.0760985
-0.0856004
-0.0934377
0.0357994
-0.0222457
-0.0975104
-0.0574909
0.000393102
-0.0906777
-0.0511518
-0.0500964
0.0467418
-0.0807148
-0.0730747
-0.0201118
0.0310608
0.0291535
0.070738
0.0062767
0.0331473
-0.0689496
-0.0649247
0.0917005
-0.0749932
-0.0811101
-0.0838317
-0.0937553
0.00398337
0.0170788
-0.0559179
-0.0666038
0.00626276
-0.0676773
-0.047692
-0.109027
-0.0636129
-0.0184311
0.0471539
0.0896487
-0.0020631
-0.0984818
-0.00644979
-0.0339154
0.00269696
-0.0882702
-0.040709
-0.041171
0.0444702
-0.0805286
-0.0354038
-0.0141582
0.0108393
0.0415476
-0.066141
0.0893094
0.0931701
0.0135587
-0.00737813
0.0348287
0.0057848
0.0704976
-0.0360451
-0.104945
-0.0987975
-0.076132
-0.0189884
0.0402034
0.0912005
0.0886696
0.0203573
-0.00726066
-0.0857523
0.028865
-0.0294172
0.0980065
0.0621936
0.0760441
0.0563567
0.0540594
0.0608704
-0.026746
0.0177353
-0.0425037
0.0254451
0.0592524
0.0772965
-0.00089096
0.0787758
0.00184014
0.0343583
0.0119937
0.0398299
0.0212386
-0.0640783
-0.0641829
-0.0798683
-0.0834274
-0.0614695
-0.0979707
-0.0262674
-0.0561938
0.0305412
0.0752081
-0.0308011
-0.0990828
-0.0585704
0.00812404
-0.0628319
0.0905814
0.0287657
0.0699145
0.0529088
-0.0488974
-0.0886067
0.043959
-0.0154026
0.0758124
-0.0188415
0.0851643
0.0322556
-0.0765203
-0.0684415
-0.0549471
0.0304107
0.0215966
0.0314246
-0.00445286
0.0524808
0.0094878
0.0707013
0.0848443
-0.038626
0.0445457
0.0532814
0.0324174
-0.0787547
0.0581332
-0.0575589
0.008034
-0.0612465
0.035518
-0.0115769
-0.0509115
-0.0318363
0.0711979
0.0949829
0.092991
-0.0408197
0.04638
-0.0738978
-0.0865756
-0.0826289
-0.0583513
-0.104225
-0.07778
-0.057096
-0.0921535
0.0590115
-0.0109851
0.0296029
0.0870984
-0.0203867
-0.0231117
0.0671708
-0.0895227
0.05549
0.0217835
-0.0393793
0.0876042
-0.0444088
-0.0405131
0.00273314
-0.0692622
0.00289006
0.0335963
0.0342837
0.00148154
-0.0751668
-0.062632
0.0213886
-0.0613909
0.0457607
-0.127928
0.0499735
0.0847871
0.0850262
-0.0240208
-0.013533
-0.0295861
-0.0341065
0.0392615
0.0498855
0.00349356
-0.0350654
-0.0923194
0.0178401
0.0589664
0.0490985
-0.021079
0.0101752
-0.0433676
0.0645492
0.0673528
0.0301631
-0.127262
0.0506005
-0.0395176
-0.0954146
-0.0209538
-0.0986822
-0.122371
0.0214317
-0.00597537
-0.00149842
0.0125336
0.0788012
-0.0155459
0.00904018
-0.00923063
0.00726421
-0.0270761
-0.017783
0.0859405
-0.0995202
-0.0911933
-0.0606857
-0.0722319
-0.0596987
-0.11212
-0.0678559
-0.0257153
0.00735819
-0.00934563
0.00657615
0.151216
-0.0642155
-0.0693993
0.0592188
0.0120505
0.0402828
0.00568069
0.0764479
0.0223321
-0.0373655
0.0797421
-0.0703668
0.0260667
-0.0650635
-0.0866662
0.0544484
0.0086729
0.0250928
-0.00435406
-0.058103
0.0209424
-0.0189099
-0.0581337
-0.0878534
0.154497
-0.0353899
0.156506
0.0477681
0.0412175
-0.041081
-0.124406
0.0239397
-0.0852992
-0.0576273
-0.0715538
-0.0275479
0.091549
0.0564634
-0.0795233
0.0355427
-0.0904064
-0.0142374
-0.0296873
-0.0318883
-0.0185824
-0.0457865
0.0704868
-0.0262639
0.00808909
0.0232226
-0.0664893
0.11122
0.0414957
0.100119
-0.017657
-0.029259
0.023123
0.0125006
-0.125706
0.0521289
0.0268359
-0.00670512
-0.00185703
0.0255098
0.025523
-0.0478467
0.0520119
-0.0663385
-0.0983134
0.0107545
-0.0825894
-0.000403379
0.0570635
0.0597207
-0.0500347
-0.0824113
-0.0896945
-0.127331
-0.007009
-0.0746301
-0.0704491
-0.0921314
0.131526
0.0455285
-0.0100177
-0.119182
-0.043784
-0.0929118
0.00321836
-0.0818688
0.0212353
0.0606384
0.0471187
-0.0607402
-0.0517628
0.0659045
0.0622233
0.0129634
-0.0354642
-0.0189398
-0.00986718
0.020772
0.0385233
-0.00151443
-0.165621
-0.0287586
0.0438714
-0.116674
-0.11427
0.0220964
0.0649279
0.109697
-0.0440341
-0.0158156
0.0222067
0.0259
-0.0910351
-0.00418173
-0.0748533
-0.0212047
0.0010679
0.0274658
0.0831691
-0.0294646
0.0490193
-0.0582369
-0.00344779
0.00622043
0.0542491
-0.0892737
-0.116277
0.118525
0.0983646
0.0578771
0.0543673
-0.0545677
-0.160028
-0.0896211
-0.0537371
-0.00231354
-0.119801
-0.0356936
-0.0198426
-0.0803594
0.0335937
-0.0992618
0.00378982
0.0788203
-0.0492876
-0.0913332
-0.0517618
-0.0950517
-0.0365313
-0.0634633
0.0207847
0.0908496
-0.0669513
-0.0303956
0.0314625
-0.0189772
0.0286784
0.0050181
-0.0524646
-0.0405464
-0.0527866
-0.217929
0.0694516
0.0288264
0.0942383
0.0584194
-0.00632028
0.0157659
0.0103419
0.0175647
-0.0922333
-0.0525937
-0.0683342
-0.0789057
0.042729
0.0231902
0.0291149
0.0984939
-0.0344534
-0.019991
-0.0511976
0.139245
0.103733
0.00844758
0.0210828
0.0394507
0.0559277
-0.0266733
-0.0664776
-0.0984621
-0.0433063
0.136479
0.0646012
-0.0463722
0.0273439
0.081324
0.081054
0.0326164
0.013108
-0.0516611
-0.0588629
-0.0858535
0.0118781
0.0870452
-0.08523
0.0133162
-0.043934
0.0838132
-0.0135213
0.0392983
-0.0248318
-0.02304
0.160409
-0.0620555
-0.108217
-0.0463549
-0.0568683
0.02838
-0.0191786
0.0897206
-0.00216889
0.061627
0.0493758
0.0241239
-0.0591848
-0.0849441
-0.0989443
0.0619514
0.0391767
0.0597546
-0.0532651
0.06644
-0.0208078
-0.0527589
-0.0149717
-0.0907062
-0.0231665
-0.0920184
0.0339826
-0.0119744
-0.102467
-0.099095
-0.112102
0.00951506
-0.090254
0.0741664
0.0699167
0.141336
-0.0540639
-0.0931453
0.0573831
0.0357074
-0.0749229
-0.0441824
0.0893416
0.0542577
-0.0208642
0.0887477
-0.0403772
0.0116906
0.0948519
-0.0774932
0.0387174
-0.0330532
-0.0621447
0.0324975
0.05775
-0.0280152
-0.00661659
-0.0934513
-0.0663037
-0.121822
-0.19869
0.00813895
-0.0640356
0.145318
0.0309744
-0.0858901
-0.0278454
0.046214
0.0685863
-0.0440041
-0.039236
0.0755028
-0.0832607
-0.064204
-0.0577719
-0.0416792
-0.0197187
0.0804794
-0.0626902
0.0293604
0.0658087
-0.112191
0.0198867
0.051185
-0.0737926
0.0193056
-0.11439
-0.0582706
-0.154402
0.0337147
0.00396553
0.0770463
0.0288853
-0.0382571
-0.0889489
-0.017325
-0.0773476
-0.0542917
0.0428337
-0.0416001
0.0917326
-0.0879087
0.0336525
0.0878026
0.0759246
-0.0870799
0.073762
-0.000880234
-0.0331636
0.0527791
-0.0102077
-0.075151
-0.118847
-0.042584
-0.0118306
0.0368249
-0.0322797
-0.106077
-0.0251659
-0.0537045
0.00571857
-0.113415
-0.0257711
-0.000813036
0.0980652
-0.0619745
-0.0893449
-0.00122768
-0.0587724
0.00761737
-0.0905939
-0.0768771
-0.0256285
0.0690072
0.0970449
0.0677069
0.00757446
-0.0253456
0.0764462
-0.126854
-0.0269145
-0.133652
-0.0888644
-0.13511
-0.101233
-0.0927816
-0.14913
-0.156105
-0.0580957
-0.106868
0.0226359
-0.0565896
0.0501574
-0.0658449
-0.0488484
-0.048334
0.0555398
-0.0288865
-0.095379
-0.0523627
-0.0327133
0.0833661
-0.0698377
0.0752636
0.0285878
-0.0570993
0.078004
-0.115487
-0.09567
-0.0285482
-0.143205
-0.127284
-0.0898601
-0.204715
-0.112025
-0.0761009
-0.124927
-0.0723882
-0.0834098
-0.0255594
0.0655705
-0.0361987
0.067303
0.0542893
0.0247887
0.0146916
-0.0837734
0.07973
-0.0648623
-0.0390739
0.0702231
-0.0841434
0.0911896
0.0322475
-0.119945
-0.0131452
0.0251432
0.00701174
-0.00370137
-0.0686783
-0.175312
-0.0249347
-0.0551391
-0.0969125
-0.0712512
-0.106192
-0.0363418
-0.051993
-0.0568286
0.0952954
-0.0157668
-0.0928716
-0.0357802
-0.0446996
-0.0745145
-0.0164425
-0.0449609
0.00137951
0.0804344
-0.0758435
0.0457194
-0.0221404
0.0657668
-0.125067
-0.0287767
-0.0798087
-0.0839655
-0.0450758
-0.0028519
-0.140835
-0.125828
0.0253647
0.0649046
0.00228749
-0.085468
0.0110547
0.0812444
0.000579684
0.00636997
-0.0532771
-0.00213637
-0.0500237
0.0831073
-0.092274
0.098324
0.0122511
0.0302246
0.0255125
0.0245545
-0.0789524
-0.106199
-0.0781153
0.047462
0.0992763
0.0515808
-0.0706427
-0.0345029
0.00740093
-0.125708
-0.125246
-0.103493
-0.025745
0.0947301
-0.0436351
0.0609736
0.0488048
-0.0370395
0.0923814
-0.0757698
-0.00552378
-0.0891719
0.00679088
-0.0968044
-0.0878587
-0.0349875
-0.0474061
0.072023
-0.0888979
0.0301819
0.0470667
0.0171084
-0.0230706
0.0815749
-0.0791553
-0.0192909
-0.00300237
-0.0530653
0.0450208
-0.0806337
0.0531628
0.0402948
-0.0069595
-0.0571358
-0.0946618
0.0908483
-0.00644677
0.0510487
0.0943648
0.0561325
-0.00852641
0.0157707
-0.0163364
0.0299779
-0.0411014
-0.0304784
-0.0247825
0.0474049
-0.0893895
0.0333074
0.0564225
-0.0108641
-0.0909415
0.0375355
0.0164706
0.0525796
-0.0552857
0.0177902
-0.0776365
0.0642538
-0.026505
0.0917195
0.0609751
0.0233799
-0.0759939
0.0746408
-0.0154015
0.0756776
0.0953996
-0.0588313
0.0567178
0.0608134
-0.0508406
0.0993488
-0.00175789
-0.00279482
0.00523222
0.0610133
0.0202608
0.0133289
-0.0930742
0.0739894
-0.0430946
0.0236523
-0.0938301
0.0679736
0.0133274
-0.0788789
0.0669677
0.0877868
0.0584001
-0.0520775
-0.0295497
-0.0611451
0.00859476
-0.0737576
0.0228243
-0.0458834
0.0573916
0.0928361
0.0525162
0.0566805
0.0465353
0.00160622
0.0535231
-0.0311661
-0.0289633
-0.115232
0.0461361
-0.0809311
-0.0805121
-0.0674452
0.0819737
0.0714796
-0.078465
-0.0231202
0.0571094
-0.095281
-0.0114608
0.0109269
0.071326
-0.021903
-0.0036077
-0.09943
-0.0807199
-0.00793365
-0.0941777
0.037315
-0.0738858
0.0317842
-0.0411181
-0.0591222
-0.0735233
-0.0994995
-0.0472715
0.0332554
-0.0383534
-0.0991515
0.0216519
-0.0617829
-0.0958908
-0.0278665
-0.0585294
0.0167635
-0.0523488
-0.0431051
-0.0752966
-0.0770301
-0.0572379
-0.0496752
-0.0620961
-0.0236905
0.0289964
-0.0579209
0.0315212
0.0517547
-0.0534185
-0.00511465
0.0857011
-0.099454
0.0216734
-0.0616759
-0.0768538
0.0962051
-0.0458157
0.0922248
-0.0371194
-0.0184932
-0.0637007
0.0480566
0.0787717
-0.0641522
-0.0240253
0.0786146
0.074216
-0.0453918
0.0150638
-0.00111732
-0.00942701
0.0333596
-0.0802549
0.00486985
0.00781248
-0.0763736
-0.000219391
-0.0310605
0.00912801
-0.0450281
-0.0611653
0.0795743
0.0126773
-0.0308714
0.0233387
0.0135951
0.0638128
0.00791108
0.0245623
-0.0377653
0.0137042
0.0884568
-0.0939211
0.0661166
-0.0294623
0.0463311
-0.0697217
-0.0928679
0.0588909
-0.00540991
0.0270605
0.0894188
0.005215
0.0943864
-0.0410852
-0.0361398
0.0771687
0.0830511
0.0671304
0.0875815
-0.0795651
-0.032708
-0.0269905
0.00587312
-0.0312196
0.0970798
-0.0101616
0.0544928
-0.013907
-0.10584
-0.0882149
-0.108306
-0.0302066
0.0293391
0.0992505
-0.0865779
0.0410578
-0.0566212
0.0397475
0.00365716
-0.0725368
0.0381084
-0.0780435
0.0500304
-0.0914388
-0.0405392
0.0816618
0.0378333
-0.0625204
-0.00930584
-0.0346799
0.0245244
0.0398355
0.00995782
-0.0487414
-0.0217267
-0.0917267
-0.0919319
0.0425504
0.00487843
-0.101298
-0.0445528
-0.0999506
-0.00813091
-0.0113823
0.0495321
-0.0869533
-0.0445411
0.0895554
-0.0960917
-0.00777762
0.0390475
0.00139647
-0.0752636
0.0833056
0.0285999
-0.0716669
-8.83265e-05
-0.0201336
-0.000662951
-0.128339
-0.04331
-0.0319086
-0.0467696
-0.00929199
0.00431244
0.0737524
0.0290366
-0.00543476
-0.0836928
0.0405892
0.0204969
-0.0599914
0.0609967
-0.0161379
0.0914091
-0.0129515
-0.0820761
0.0997361
0.0103294
-0.0671614
0.0356458
0.084594
0.0956217
0.0470967
-0.0561888
0.02286
-0.099405
-0.0190845
-0.104456
-0.0955999
-0.103689
-0.0705823
-0.0193495
0.0128789
0.0280733
0.0161834
0.0050151
0.00035638
0.0516569
-0.0235822
0.0485337
0.0983289
0.0115638
-0.0738522
0.0115404
0.0429676
0.0205643
-0.0898904
0.0405014
-0.0792381
0.0105751
-0.0121943
0.0931668
0.0205231
-0.0285313
-0.126429
-0.0196612
0.0581195
-0.0805341
-0.126083
-0.0870632
0.00980305
0.0887836
0.0253698
0.0260271
-0.0204064
-0.0179285
0.0808593
0.0876657
0.0113323
-0.0308718
-0.0839094
-0.0603386
0.074366
0.0728991
0.0774942
0.0142315
0.063374
0.0212527
-0.0750123
0.00819296
-0.0492332
0.0148469
-0.1246
0.0249018
-0.00716055
-0.02086
-0.0778695
-0.115954
-0.0119314
0.0468163
0.0871112
-0.0965564
0.0564097
-0.0958062
0.0540223
-0.0514814
0.00835111
-0.0903712
-0.00975138
-0.0649257
-0.073903
0.0628917
0.0608106
-0.0967473
0.0914873
-0.00609558
-0.0729085
-0.0548974
-0.00241855
-0.00593423
0.00477627
0.0233019
-0.0381498
-0.089033
0.0223066
0.0630274
-0.0954142
0.0378937
0.0076649
-0.0831803
0.0126215
0.0988454
-0.0862534
0.00331285
0.0755477
0.0604281
0.0817781
-0.0603569
-0.052656
-0.0892091
-0.0280421
-0.00200138
0.010949
-0.148124
-0.0176684
-0.00480889
-0.101891
-0.0766319
0.0173861
0.0515745
-0.00576938
-0.110761
0.0360978
-0.094837
-0.083475
0.065268
0.0395832
0.074339
0.0989052
-0.075125
0.0396179
0.0160417
-0.0882657
-0.0833373
0.032772
-0.0614495
0.0157139
0.0156248
0.0782263
0.0663229
-0.0624392
-0.149879
0.099296
-0.0382311
0.0364644
-0.0389315
0.0505661
-0.157979
-0.0200277
-0.00802625
-0.056308
0.00911582
-0.0839234
0.00934057
-0.035551
-0.0800039
0.0749277
0.0916148
0.0272793
-0.0407187
-0.0887207
-0.0859562
-0.0354959
0.0402417
-0.0200531
0.0117754
-0.109402
-0.108931
-0.0844416
-0.0364717
-0.0188844
-0.00955382
0.0493917
-0.0119531
-0.102865
0.103449
0.0705138
0.0283488
0.0238885
-0.128485
-0.09728
0.0288136
-0.0499613
0.00509939
0.0949259
0.0227629
0.0454498
-0.00461457
-0.0259034
0.0842281
0.0727751
0.00336151
0.0751278
0.0137335
-0.0423175
-0.0676136
-0.0764279
0.0210279
-0.119298
-0.0685008
-0.0110736
-0.222914
-0.153716
-0.00405304
0.00547539
0.127829
-0.00443419
0.0302654
0.0126241
-0.0761673
-0.0762261
-0.0545258
-0.0105993
-0.00817621
0.0686314
0.0639545
-0.0233247
0.0581646
-0.0384107
0.0177192
-0.0330969
0.0545619
-0.0848856
0.0346828
-0.0908387
-0.129252
-0.120011
0.0755149
0.00661814
-0.108177
-0.146426
-0.0591227
-0.0678836
-0.0583322
-0.0912474
-0.0866183
0.0286184
-0.0173349
0.00926339
-0.0825023
0.0466011
0.0347137
-0.0939286
0.0387457
0.00949918
-0.0573362
0.00936026
-0.0989983
-0.00239824
-0.013823
0.013523
-0.0912356
-0.0117475
0.0174712
0.0717816
0.119759
-0.05144
-0.0911505
-0.198135
-0.0201003
-0.100036
-0.0282881
-0.00658837
-0.113437
-0.0946495
-0.0859519
0.0676711
-0.0504459
-0.0969452
-0.0425357
-0.0453503
0.0255415
-0.00356217
-0.0565962
0.00375423
0.0116286
0.0202642
-0.0578247
0.0671695
0.0244671
0.0436757
-0.0114437
-0.0113195
0.00457715
0.0844875
-0.0729954
-0.00672291
0.0318421
-0.0063678
0.0230195
-0.0952824
0.0491191
-0.00317015
0.0542637
-0.0446712
-0.0469095
0.0926038
0.0291223
0.0523085
-0.0189218
0.0089739
0.0677136
-0.0745863
-0.085974
-0.0572723
-0.105187
0.0254883
-0.115622
-0.00363625
-0.0464892
0.00578108
-0.0232955
0.0585694
0.0491844
0.0217637
-0.0626169
0.0601672
0.0175393
-0.115575
0.00840112
0.0528108
-0.0838237
-0.0413027
-0.00555348
0.00922363
0.0976444
0.038662
0.0999794
-0.0207117
-0.0769745
0.0603599
0.0175875
-0.084066
-0.0413442
-0.102393
0.037868
-0.110989
0.0441792
0.0262897
-0.143788
-0.0598399
-0.180924
0.0477995
0.127681
-0.017499
0.0471881
-0.100364
-0.060396
0.00403757
-0.0313069
-0.0904138
0.0767267
0.0907757
0.095158
-0.00127291
0.0287726
0.023665
0.0143241
-0.0534111
0.0847298
0.0239389
-0.00527239
0.000369796
0.0761725
-0.083018
-0.0132777
-0.117399
-0.101228
0.00819851
-0.202735
-0.15921
-0.0996274
0.14715
0.0835241
0.146028
-0.106753
-0.0952559
0.0582901
0.089919
0.0686837
0.0322333
-0.00817975
-0.0857149
0.0768416
-0.000157613
-0.0929045
0.0713295
-0.0618079
0.0141377
-0.0882846
-0.0211379
-0.0968307
0.0330881
-0.00236982
-0.0358079
0.0189579
0.0151587
-0.0368955
-0.129793
-0.0670708
-0.0649765
0.0973216
0.010785
0.0340202
-0.010238
-0.0806097
0.0733334
0.0431264
-0.0516331
-0.0248798
-0.072156
0.0883742
0.0499827
0.0695338
0.00290317
0.0142831
0.0397941
0.0317708
0.0135516
0.0181698
0.0487096
-0.0791843
-0.0743704
-0.0977211
-0.02002
-0.183272
-0.12594
-0.0457637
-0.0249858
0.000260761
0.0985344
0.0553233
-0.0302768
-0.0602227
0.00213115
0.0277549
0.0435548
-0.0176718
0.0261557
-0.0678849
-0.0887059
0.0902489
0.0296606
-0.0405473
-0.0180326
0.0591455
-0.0545231
-0.127131
-0.126534
-0.0630679
-0.123518
-0.00555934
0.0622199
0.0827172
0.0623136
0.141487
0.0844147
0.0182088
0.0891291
0.0284762
0.0151788
0.0103282
0.0163194
-0.0451725
0.0521108
-0.0555523
-0.0952143
0.0302191
0.0510274
-0.0716703
0.0438639
0.0570091
0.0302221
0.0431958
0.0263627
0.0343256
-0.0319496
0.0323886
0.0543946
-0.0748836
0.111363
0.0321079
0.0715498
0.00670956
0.0515713
0.104312
0.0937667
0.0350407
0.00287901
-0.0403598
0.0975451
0.0377454
-0.0860318
-0.0501422
0.00352391
-0.00213167
-0.024586
0.0193569
0.079161
0.0561016
-0.119667
-0.107176
-0.0786192
-0.0578399
-0.0296767
0.045048
-0.0698416
-0.022851
-0.0743817
-0.0986439
-0.0659292
-0.0954689
0.00323745
-0.0127752
-0.047051
0.0720193
0.0198312
0.0773393
0.0764671
-0.0450123
-0.0816469
0.060192
0.00472456
-0.0542155
-0.0455585
-0.00910884
-0.0561162
0.0691549
-0.00790611
-0.07777
-0.0853385
0.06478
0.065164
-0.00730085
0.0234714
-0.0545806
0.0273414
-0.0600641
-0.0865313
0.00976915
-0.0137114
0.0750015
-0.00682223
0.0356491
-0.0516047
-0.0348662
-0.0713262
0.0204315
-0.0828522
0.0757162
0.0615477
0.0469375
0.0759016
0.000472784
-0.00959125
0.0766093
0.0542026
0.0869966
0.0488764
0.0266238
0.0388037
-0.0624579
-0.0392411
-0.0944581
-0.0238277
0.0542502
0.0143331
-0.0496449
0.0569726
0.0980885
-0.0892424
-0.0736855
-0.0573017
-0.0547888
0.0146383
-0.00958873
0.0393509
0.0163165
0.0202683
-0.0335091
0.00798519
0.0507091
0.0334421
-0.0672556
0.00129327
-0.0495075
-0.0119399
-0.107506
-0.0416797
0.00170388
0.042644
-0.107963
-0.0943723
-0.039843
0.0607471
0.0129255
0.0958747
-0.0453355
0.00101487
0.0393752
-0.0509177
-0.0932685
-0.0915045
0.0913377
-0.00493804
-0.00487118
-0.0886674
0.00934246
-0.0503688
-0.00223465
0.0435159
-0.0777694
0.0971463
0.0982038
0.0861912
-0.0737984
0.0352132
-0.0956244
0.0645949
-0.0775371
-0.0946451
-0.0558707
0.0743846
-0.0277697
0.00730003
0.0467672
-0.00266796
0.0399996
0.0800744
0.0395154
0.0472199
-0.0816899
-0.0170435
-0.0658804
-0.0901248
0.00731356
-0.0287819
0.0508941
-0.0891425
-0.0657292
-0.0719235
-0.0522598
-0.0349685
0.0788695
0.0179388
0.0786183
-0.0332759
-0.000472354
0.0877294
-0.00801144
0.0670369
-0.0693003
-0.0384373
0.000607298
0.0864165
-0.0540883
-0.026516
-0.0700518
0.0899029
-0.0192643
-0.0722023
-0.042078
0.00193302
-0.0295688
-0.0136897
0.0899612
-0.0728796
0.0996334
-0.042926
-0.0269983
-0.0799631
-0.0504614
0.0368384
-0.0833921
-0.0806613
0.0645674
-0.015699
-0.0436003
-0.0148177
-0.0259533
0.0656642
-0.092194
0.00469239
0.0390016
-0.075696
0.0260809
-0.0253132
-0.0433416
0.0170486
-0.0351201
-0.0608109
-0.0706237
-0.0800251
0.0891577
-0.0322959
0.0521393
0.06902
0.0349984
0.00300986
0.0690587
0.0343182
0.0252022
-0.0817503
-0.0863407
-0.0872641
0.0538217
-0.0419271
0.092709
-0.0672076
-0.0514794
0.0886166
-0.102521
0.0684951
-0.0371885
-0.0228121
-0.0758885
0.0687458
-0.0399398
-0.0635919
0.0205424
-0.088112
0.0605929
-0.0228022
0.0883177
0.0170229
0.0287887
0.0457809
0.0708682
-0.0291644
0.0207045
-0.0282165
-0.024271
0.0583998
0.0427657
-0.0116816
0.0376602
-0.0333536
-0.0116494
0.0456121
0.0426541
-0.0118948
-0.0355307
0.00770063
-0.0984907
-0.0172683
-0.0880037
-0.0062581
-0.0850471
0.0925886
0.0407664
0.0746972
0.0790896
0.00485418
0.0232248
-0.0628709
-0.0749883
0.0941349
-0.015092
-0.0891235
-0.0415896
-0.0759686
0.0527782
-0.126279
0.0583823
0.0281165
0.0467136
-0.102514
-0.0796919
-0.0515028
0.0311814
-0.0942862
-0.0855051
0.0558069
-0.0959106
0.0520889
0.0402713
0.0166603
-0.0862009
-0.00710592
0.0340782
-0.0861066
0.0696189
-0.08119
0.0146782
-0.0105108
-0.093157
-0.0824071
0.076646
-0.04711
-0.0438386
-0.0515759
-0.078506
-0.0603765
-0.0203027
-0.0246884
-0.0178469
-0.116444
0.0640234
0.0450573
0.0540519
0.0858669
0.098255
-0.0184302
0.032408
0.0799217
-0.0183699
0.0191433
0.057934
-0.0393715
0.0931068
0.0884068
0.0421248
0.057044
0.0754786
0.0246301
-0.0649825
0.0335397
-0.140288
0.0498428
-0.141365
0.00125939
-0.124246
0.0186114
-0.0707492
0.0580955
0.0813092
0.0870082
-0.0691202
0.0829917
-0.00900105
-0.0182604
-0.0453934
-0.00860916
-0.0233469
0.0412023
0.0539366
0.0603401
-0.0121141
0.0184747
0.0320528
-0.0257833
-0.000920434
-0.0360067
0.00329863
-0.0497518
0.0130049
0.0332944
0.0480765
-0.13303
-0.0110506
-0.0939215
-0.119342
0.00602757
-0.085841
0.0766205
-0.0977396
0.035085
0.0839214
0.0625526
-0.0310726
-0.0286152
-0.0347957
0.0674971
-0.0618836
0.00762501
0.0375607
0.0785102
0.0892121
-0.0253849
-0.013595
-0.0126209
0.00519224
0.0234428
-0.0335455
-0.0163178
-0.018789
-0.00634267
-0.000331494
-0.0656971
-0.12232
0.0572451
-0.086936
-0.067165
0.0983607
-0.0640676
-0.0621314
0.0694753
0.0793495
0.0942447
0.00350689
0.000815373
0.00313992
0.00944368
0.0582269
0.00462482
-0.0766773
0.0526395
-0.0672958
-0.0243959
-0.0469428
-0.000207204
-0.147784
-0.127739
0.0237527
-0.10495
-0.066764
-0.0111042
0.0465799
-0.0513381
0.000410264
-0.064986
-0.0576276
-0.0744537
0.0523503
-0.0955053
0.0414589
0.0492978
-0.0806092
0.0619479
0.0990634
-0.00246667
0.0174138
0.0057725
-0.0152441
0.00192316
0.0096242
-0.0775823
-0.0370447
-0.0935458
-0.163547
-0.121219
-0.193414
-0.0937655
-0.136637
-0.0397968
-0.108903
0.011832
0.0106877
-0.0983696
-0.0328671
0.0599657
-0.0631007
0.0801446
-0.00208736
-0.0776315
-0.0614247
0.0670329
0.0192284
0.0573105
0.0504162
-0.0450003
-0.0839566
0.0593511
0.01391
-0.0559143
-0.0713463
-0.168288
-0.121465
-0.0965025
-0.100738
-0.204256
-0.0924192
-0.0416223
-0.0320632
-0.012328
-0.0437228
0.0576175
0.0963239
0.0336675
-0.0543745
-0.0244639
0.0316633
-0.0945941
-0.0505507
0.0513269
0.0421688
0.0715143
-0.00938346
0.0182168
-0.0490324
0.0314419
0.127501
-0.0682906
0.000789725
0.0461598
-0.0737824
-0.0197343
-0.16192
-0.0120083
-0.114536
-0.128341
-0.114372
-0.0653094
0.0419109
0.0143978
-0.0453778
0.0334296
-0.082642
-0.00278178
-0.0404708
-0.0515448
-0.0746509
-0.0959916
-0.0347314
0.0659728
0.035428
0.0247525
0.152139
0.131356
-0.0142389
-0.0144143
0.067439
0.0726569
-0.107841
-0.0465966
0.0837508
-0.151218
0.00670059
-0.0767594
0.0444512
-0.110761
-0.0201119
-0.0278716
-0.0282843
-0.088492
0.0474228
0.0209039
0.0703845
-0.0799686
0.0584254
0.0707285
-0.0186437
0.0836937
-0.0735641
0.0367229
0.0501804
0.143251
0.00645073
0.106255
0.115506
0.0501686
0.0719525
-0.115509
0.0115765
-0.047679
-0.110807
-0.0589416
-0.00333936
-0.106755
-0.0209353
-0.0662342
-0.0229206
0.0869021
0.0892916
-0.0568218
0.0955742
-0.0483288
0.0842889
-0.0896399
0.0296176
0.0735031
-0.0580721
0.0433204
0.130572
0.113825
0.0241856
0.036356
-0.0700456
-0.00266049
-0.127649
-0.118075
0.0832706
-0.0433588
0.0566398
-0.00657018
0.0494068
-0.0164977
0.0556249
-0.0682743
0.0572018
0.0610862
0.0572851
0.0336388
-0.0785983
-0.0783832
0.0659685
0.0911351
0.0375056
0.0234962
-0.108734
-0.0997279
0.0391943
0.134429
0.144147
0.0641945
-0.0696059
-0.0881605
-0.204858
-0.092897
0.034077
0.0225024
-0.0527035
0.0442389
0.00977757
-0.0850371
-0.0397934
-0.0487189
-0.00750641
-0.0255287
-0.0977135
-0.0162578
-0.0970701
0.041006
-0.000604296
-0.0079922
0.0169848
0.0542265
-0.0549861
0.021843
0.156429
0.0430247
0.159641
0.00682758
0.0160016
-0.0770489
-0.018809
-0.0189324
0.0108934
0.0054915
-0.121566
0.0422525
-0.0114221
-0.00736819
0.0351114
-0.000303177
-0.0619008
-0.0474564
0.0496551
-0.0457396
-0.0458204
0.052335
-0.090104
0.0661836
0.0170983
-0.033965
0.0459177
-0.0325714
0.0648598
0.0724679
-0.00380897
0.10257
0.0611223
0.0712131
-0.0322278
0.00115969
-0.0153422
0.10585
-0.122451
-0.0595928
-0.00542109
-0.0114529
0.0301425
-0.066642
0.00315842
0.0077709
-0.0366367
-0.0465319
-0.0477243
-0.0249614
0.012994
0.0906715
-0.0779143
-0.0852908
-0.0192992
-0.069365
0.0269466
0.0351692
0.0938469
0.120612
0.0893009
0.0540345
-0.116822
-0.0651833
-0.0366412
-0.0197006
-0.0285154
-0.00815428
-0.096378
-0.0402424
-0.0849748
-0.0263313
0.0282602
0.0436238
-0.096336
0.0265934
0.0994291
-0.0354167
0.083476
-0.0615204
0.0522299
-0.0462992
0.0706214
-0.0647277
0.0288372
-0.0123443
-0.125235
-0.0287909
0.104498
-0.0493189
0.0533092
-0.126896
-0.11324
-0.0302668
0.0625128
-0.0641718
0.0210603
-0.017585
0.0384439
-0.00700491
-0.00390453
-0.0388642
-0.090456
0.0307173
0.0830755
-0.0967922
0.0219479
-0.0143068
-0.0847392
-0.0476071
-0.0761727
-0.103531
-0.0334355
-0.0197875
-0.0866915
-0.00982642
-0.0393235
0.0076419
-0.137673
-0.00998513
-0.0716431
-0.105972
0.0711974
0.0698949
-0.0764848
-0.0924084
-0.0527981
-0.094534
0.0428917
0.0849037
-0.0807413
-0.0798177
0.054382
0.0972667
-0.0869012
-0.0877194
0.0817173
0.0458888
0.0447622
-0.027916
-0.124477
-0.0336176
-0.109961
0.0255266
-0.0874492
-0.129749
-0.0314746
-0.133119
-0.0452968
-0.0901299
-0.045308
-0.0873552
-0.0946503
0.0489377
-0.0864996
0.0444148
-0.0325591
0.0113282
-0.0839921
-0.0908909
-0.0954804
-0.0380677
0.0478762
0.00134439
-0.0890329
-0.0981442
-0.00493555
0.000491864
-0.0302503
-0.0736931
-0.0882822
-0.0481895
-0.0838864
-0.123071
-0.070206
-0.0274369
0.0114473
-0.077607
-0.0933487
-0.0977112
-0.0336189
-0.041418
0.0632426
-0.00936562
-0.061411
0.00308322
0.00556732
-0.0122291
0.0415521
-0.0174488
-0.0371272
0.00409313
0.0142429
-0.0487778
-0.0861684
-0.0259464
-0.0167497
-0.039496
-0.0364504
0.015394
0.0219444
-0.0393294
-0.118806
0.0552844
0.0213616
-0.0151027
0.0323858
-0.0718298
0.0202292
-0.0492402
-0.0258474
-0.053641
-0.092829
0.0211045
0.0440506
0.0238087
-0.0555437
0.0649086
0.0233764
-0.0106186
0.0346768
-0.0308615
-0.016853
0.0903894
0.0244182
0.0540564
0.0348615
0.0706642
-0.0173416
-0.0788983
-0.113629
0.0232992
0.0594111
0.065893
-0.0900348
-0.066817
0.0221148
-0.0694596
0.0690041
0.00209359
-0.0442627
-0.0610097
-0.0152673
-0.0872908
0.0304841
0.00326901
0.00630365
0.0752877
0.0999732
0.00229561
-0.0629389
0.0244893
-0.113123
0.0726338
-0.0119266
-0.0805464
0.0417069
-0.0773958
0.0325519
-0.107999
-0.0738793
-0.0876177
0.0668992
-0.0445676
0.0808844
0.0916756
0.0480892
-0.0536708
0.0342968
-0.0822212
-0.0742223
-0.0964416
0.0882878
-0.0259781
-0.0282723
-0.0542206
0.000624483
0.0908666
0.0926133
-0.0358282
-0.0276986
-0.0972403
-0.0271526
-0.0433878
-0.0353766
-0.0521069
-0.0600636
0.0784401
-0.0421951
0.0386543
-0.00256671
-0.0584015
-0.0481378
-0.0801716
0.0429282
0.0945531
-0.0778734
0.0120758
0.0950997
0.0124603
-0.027589
-0.0508095
-0.0613613
-0.0260448
-0.0852902
0.0847998
0.021719
-0.0270918
-0.0731422
0.0108209
0.00820457
0.0481533
0.0560303
-0.0910553
0.0252674
-0.040677
-0.00690563
0.024262
-0.0576819
0.0284135
0.0673514
-0.00831033
0.0910769
-0.00277892
0.0162451
0.0980052
-0.017483
-0.0322518
0.0419306
-0.0503493
0.00610312
0.0984467
-0.0196859
-0.0858471
0.0519616
0.0125111
-0.0465007
0.0611707
0.00505929
-0.0318185
0.0202606
-0.0709463
-0.0890404
-0.0970424
0.0470164
-0.0418561
0.0476338
0.0714586
0.0765518
-0.00209666
-0.00999689
0.0496592
0.00914951
-0.0899117
0.0326854
0.0745864
0.0772768
0.0635731
-0.0446398
0.0247103
-0.0733243
0.0280999
0.0525458
-0.0529404
0.0617035
-0.0551375
-0.0378581
-0.0557698
0.00701625
0.0348801
0.0116527
0.025394
0.0405844
-0.0534931
-0.0916625
0.00350761
-0.0426348
0.13603
0.114085
-0.00733306
0.00855977
-0.0659985
-0.0162571
0.0993168
0.0481359
-0.06572
0.010369
-0.00716165
0.0387117
0.0353102
-0.0361623
0.0760797
-0.0668989
0.069757
-0.0263075
-0.0159827
-0.0980839
-0.0257901
-0.00959472
0.0477627
0.0631479
0.0114448
0.0407213
-0.0185068
0.0482995
0.13065
0.107204
0.0186688
0.062554
0.077066
0.0252963
0.0403091
-0.00610307
0.0173577
0.044369
0.0906936
-0.0650769
-0.0104839
-0.00318605
-0.0794352
-0.0746736
0.0159014
0.0704265
0.0640457
0.0899029
-0.0280738
0.00259172
0.11517
-0.00555134
-0.0546929
0.113792
0.0447917
0.00613943
-0.036978
0.110927
-0.0726081
0.0397884
-0.0786058
0.0299705
-0.0255089
0.0132446
-0.0455145
0.0375205
0.0309281
0.0529828
0.0416481
0.0979751
0.0380001
-0.0183658
0.0558685
-0.0595973
-0.0374887
0.00771925
-0.00934851
0.114132
0.0868315
0.100639
0.115426
-0.0844407
0.0661966
-0.057226
-0.0434407
0.00401981
0.00901187
0.0752836
0.0451121
-0.000120718
0.05963
0.0455556
0.0720245
0.0887831
0.0144398
-0.0326529
-0.0531248
-0.0952849
-0.0103817
-0.072508
0.0819477
0.0968523
-0.0868785
0.0838506
-0.107612
-0.0768442
-0.0331701
-0.113736
-0.0298753
-0.0749983
0.0891062
0.0721595
0.0358563
0.0743924
-0.0401895
-0.0457377
0.0313907
-0.014721
0.0616434
0.0453473
0.0311713
0.0859118
0.088907
-0.0620429
0.0439757
-0.0452178
0.0512911
-0.0891146
-0.0529794
0.0841476
-0.0659338
0.0129038
-0.146126
-0.0633479
-0.103738
-0.108597
0.0454876
-0.0623235
0.0635452
-0.0128788
-0.0327718
-0.0222805
0.0936416
0.0778107
-0.0765096
0.0236255
0.0683184
0.0511902
0.00607399
-0.00346368
0.033344
0.0777745
-0.0771835
0.0689648
-0.0988406
-0.0934551
0.0244204
-0.0109363
0.0607085
-0.12984
-0.0438064
-0.0290922
-0.117888
-0.00156553
-0.0660779
-0.0749959
0.0644377
-0.0428955
0.0937856
-0.00856641
-0.0320883
-0.00324775
-0.0813922
-0.0706933
0.0644506
-0.0534318
-0.0652622
0.050909
0.0885445
0.0440352
-0.0298578
0.0275764
0.082072
0.015395
0.00649571
-0.115265
-0.11936
-0.0216584
-0.0283395
-0.0799229
-0.0429531
-0.0494813
-0.118917
0.039728
0.0611445
-0.0401
-0.0213123
-0.0194716
0.120196
-0.0862173
0.0916029
-0.0296313
0.0677409
0.0248077
-0.0469393
0.0590081
0.0919965
0.0548516
0.039911
0.0368819
-0.0864782
-0.104077
-0.0977064
-0.101808
-0.0224054
-0.0779298
-0.138143
0.0746798
0.061912
0.0296717
-0.0734501
0.129155
-0.0142437
0.074627
0.0354914
0.0402903
0.0325329
0.0770563
0.0818028
0.0505112
-0.0354672
0.00417047
-0.0141715
0.0466859
-0.0165672
-0.0847885
0.015193
-0.000821844
0.0575823
0.0611777
0.0269872
0.0262528
-0.03787
-0.0651734
-0.128303
-0.018382
-0.133168
0.0907373
-0.0888417
0.0271728
-0.034599
0.0106429
0.0569467
-0.118755
-0.0660452
0.0603575
0.07673
0.00515738
0.00306883
0.0524477
0.0340188
0.0659503
-0.0983746
0.0218865
0.0920981
0.0457453
-0.0252863
0.0296234
-0.123384
0.0240164
-0.190074
-0.144533
-0.155905
-0.0942798
-0.0613724
-0.00599184
-0.115387
-0.022492
-0.0518313
0.037098
-0.12657
0.00915061
0.0797903
-0.0568345
0.00933683
-0.0250117
-0.0872437
0.0371271
-0.0763868
0.0859825
-0.0685463
0.0167904
-0.0462847
0.0180378
-0.0305575
-0.0230445
-0.0449651
-0.0602137
-0.0913481
-0.00414519
-0.0828596
-0.097547
-0.0057417
-0.0350757
-0.0572002
0.0240004
0.133957
0.0178308
-0.019006
-0.0593827
0.0246278
0.0442639
-0.0330821
-0.068249
-0.0489688
-0.0190402
-0.00995412
-0.0275641
-0.0240048
0.0457215
0.0188348
0.0503545
-0.0861662
0.0892104
-0.0367645
0.0350319
0.00920714
0.0481098
-0.144516
-0.0788314
-0.0438722
0.000174365
0.027877
0.0542565
0.0839776
0.0923928
0.0803612
-0.115552
0.0715575
0.0988716
0.0650613
0.068833
0.00231935
0.0521504
0.0155582
-0.0220281
0.0386864
0.0109965
-0.0872836
0.00276599
0.0904039
-0.0579694
-0.0698167
0.0326784
0.0648666
-0.0373088
-0.0605626
-0.104949
-0.0698928
0.0230688
-0.0074233
0.0653647
0.0458691
0.0657848
-0.101102
-0.0462237
0.0412481
-0.086048
-0.0038349
0.0799915
-0.0575168
0.0416194
-0.0418651
0.0268413
-0.0628423
-0.0260638
0.0887979
0.0154281
0.0568631
-0.0170707
0.0585998
-0.00466529
-0.0979743
-0.0496187
-0.0073211
-0.0934016
-0.024757
-0.0539404
-0.12567
-0.0978058
0.000495542
0.113883
-0.0635972
-0.0119224
0.0725955
-0.0715818
-0.0450786
0.0434473
-0.0352295
0.0426062
-0.00531426
0.0647837
0.0545367
0.0509265
-0.0753054
-0.00655435
-0.0806655
0.083132
-0.0114674
0.00307737
-0.101546
-0.123321
-0.05554
-0.124099
-0.0335239
0.0493021
-0.0818934
-0.0670713
0.0642078
0.033988
-0.0386473
0.0722851
0.0630904
-0.0467835
-0.0541376
-0.0782628
0.0868867
-0.0754102
0.0938236
0.089957
-0.0467302
-0.0467593
0.0937435
-0.0535075
-0.0296262
0.000717314
0.0539479
-0.0978136
-0.0415278
0.00675769
-0.135438
-0.0817369
-0.0436599
-0.0919316
-0.147801
-0.106335
0.0426962
0.0500213
0.115318
-0.0216311
0.0163785
-0.0197713
0.0467759
-0.0760593
0.0202779
-0.0010788
-0.0318856
-0.0481034
0.0633641
0.0303187
0.0405453
-0.0388453
0.0460926
0.0465322
0.00335011
-0.0924447
-0.000558569
-0.0276885
0.0255025
0.00852785
-0.0559704
0.0148304
-0.0810402
-0.017638
-0.0294413
-0.0884435
0.0192644
-0.0852317
-0.0134353
-0.0806225
0.0799857
-0.0257551
0.0630426
-0.0646899
0.0286719
-0.0858933
-0.0644677
0.087701
-0.0481553
0.0189656
0.0130848
-0.114406
-0.0609863
-0.0559584
-0.0752229
-0.0217687
0.0558304
-0.16866
-0.168398
0.0589083
-0.00387504
-0.0874013
-0.0309119
-0.0134673
0.00895803
-0.0800548
0.0572674
0.00933573
0.0519223
0.0292342
0.0256571
0.0295743
0.0173695
0.0242136
0.0848459
-0.0195171
-0.0114942
0.0537313
0.0453843
0.0394193
-0.0486752
-0.0656988
0.0730155
-0.0317588
-0.0401669
-0.0930685
0.0150042
-0.126921
-0.0769934
0.0779132
0.00831315
0.0806981
-0.0905004
-0.0743034
-0.0682658
0.0890025
-0.0662653
-0.0801834
0.0209998
0.0144837
-0.0569996
0.0599559
0.0466632
-0.0356416
-0.079053
-0.0350722
-0.0257279
-0.0340501
0.0145705
-0.026067
0.0915798
-0.0496086
-0.0572674
-0.0333279
0.0255348
-0.104517
0.0242102
0.0445272
-0.109196
-0.0502549
0.0541699
0.0299051
-0.0616868
0.0588747
0.0665963
0.0914627
0.0741338
0.0893202
0.0161885
-0.0934733
0.0912426
-0.0928416
0.0109836
-0.0421207
0.0115515
-0.0709767
-0.0213984
-0.00524738
-0.0385946
0.0865585
0.0101217
0.0475317
0.0506393
0.0758843
-0.0885796
-0.0571392
-0.000184606
-0.0896959
-0.0704514
-0.0541763
-0.0244945
-0.0648846
-0.0898793
-0.0897882
0.0767681
-0.0210318
-0.00735731
-0.0491633
-0.00393696
-0.0251495
-0.0947984
-0.0907179
-0.0383282
-0.0329624
0.065715
-0.0443031
0.0648558
0.00608402
0.034155
0.00345352
0.0416294
0.089247
-0.0981831
-0.00984439
-0.00356307
0.0975279
-0.0808815
-0.0339897
0.0744154
0.0689159
-0.022592
-0.0726761
-0.0177928
0.0428498
0.0706121
-0.0536627
0.0952884
0.0859813
-0.0200232
-0.0424432
0.0808167
-0.029044
-0.0922372
-0.0431567
0.0094311
-0.0697657
-0.0524829
-0.010896
0.0339948
0.0787659
-0.0645304
0.0211174
0.0724301
-0.0667268
0.0887027
-0.0757326
0.0880239
-0.069993
0.0941133
-0.0261234
-0.0149711
0.027338
0.0777451
0.0677023
0.036513
0.0293743
0.0780962
-0.00919758
0.00664546
0.058734
-0.0256969
0.0048867
-0.0550298
-0.0764691
0.0615261
-0.0986746
0.0850223
0.0550964
0.0194443
0.00796822
0.0777962
0.0913605
0.0110085
0.0528713
0.0882886
0.0829107
-0.0258557
0.0557216
-0.0319193
0.0110269
-0.0513189
-0.0678538
-0.0865553
-0.0380062
0.0192647
-0.0563512
0.0440945
0.082795
0.0111237
0.0418252
0.0623734
-0.0996653
0.0206411
-0.0173154
0.0713387
-0.042125
0.0948956
-0.0805973
0.00417764
-0.0593448
0.0313939
0.0291262
-0.0856093
-0.0441372
-0.0230565
-0.0966422
-0.0332441
0.0478327
-0.0736478
-0.0910715
-0.0341025
-0.0917203
-0.0531825
0.0349179
-0.0705146
-0.0606535
-0.0723304
0.0556876
-0.087513
0.00946584
-0.0104709
0.0422616
0.0237141
-0.0880988
0.0574238
-0.0916602
-0.0498705
0.0875519
0.0552632
-0.0260841
-0.0718813
0.0536509
-0.0040742
0.0956331
-0.0287099
-0.0390518
-0.00816506
0.0790013
0.069375
-0.085015
0.0103875
-0.00247985
0.0671723
-0.078197
-0.0823995
-0.0241331
-0.0329347
-0.0870996
0.0433032
0.0227675
0.0711708
-0.0500823
0.0102003
0.0499379
-0.0546411
-0.0840432
-0.0490957
-0.0436741
-0.0817661
0.00920352
-0.0588042
0.011756
-0.0963832
-0.013314
0.00416962
0.0114218
0.0992404
0.0329962
-0.00737432
0.0795347
0.00790283
-0.0723088
0.0626544
-0.00444106
0.0711911
-0.0806381
-0.0258131
0.0225805
-0.000999475
0.00354362
0.011067
-0.0692607
0.0363364
-0.0452007
-0.0638987
-0.098957
-0.096799
0.0572276
-0.0329536
0.0108043
0.0377619
0.0780072
-0.0618515
0.0338156
0.0257991
0.0668698
-0.0312288
-0.0377935
0.0623941
-0.0568972
0.098994
0.0744634
-0.0497595
0.0743255
-0.00498107
-0.0390281
-0.0885178
0.069729
0.00575723
-0.0872205
-0.0741155
-0.0831912
-0.00384854
-0.0201139
-0.0108294
0.0135505
0.0258995
0.0269737
-0.0196598
0.034991
-0.0785275
0.046831
0.0233585
0.0333614
-0.0863617
0.0138094
-0.0935161
0.0453063
-0.0845005
0.0273012
0.0137926
-0.0347277
-0.0940285
-0.0969384
-0.0140918
-0.0725557
0.0533676
-0.0337263
-0.0564941
-0.0169275
-0.095025
-0.0538334
0.070312
0.0681051
-0.00710353
-0.0725518
0.0144072
0.094165
0.0623357
0.0556539
0.0132141
0.000782649
-0.0448685
-0.062803
0.0786711
-0.0802938
0.0804918
-0.0896884
0.0854544
0.0724072
0.0202262
-0.113041
0.0338911
-0.0884544
-0.105633
0.0376007
-0.0499996
-0.0796993
-0.0379383
0.0424587
0.0345838
0.069784
-0.0933496
-0.0585944
0.00853526
-0.0600621
-0.0619485
0.097685
0.0591995
-0.00647254
0.0359264
-0.0831921
-0.0693687
-0.0327875
-0.0176336
0.0422446
-0.0254708
0.0146418
-0.0697988
0.0284386
-0.14588
-0.132385
-0.056408
-0.123195
-0.0258537
-0.0581768
0.0454542
-0.0983493
0.0832688
0.0207103
-0.000118444
0.0910698
-0.0539617
0.065229
0.0357217
0.0968763
-0.0825305
0.0152265
0.0799633
0.0723787
-0.0709287
0.0401903
-0.00512178
0.0499072
-0.109779
-0.066708
-0.061892
-0.183601
-0.0525335
-0.171891
-0.0787322
-0.111677
0.00622251
-0.110799
-0.127123
-0.0631336
0.0797927
-0.00533718
0.097667
-0.0572507
0.0117345
-0.061102
-0.0631144
-0.0273069
0.0867457
-0.0446627
0.0931139
-0.0150103
0.037424
-0.0787186
-0.030102
0.0416933
-0.0491106
-0.0523693
0.0692463
-0.02587
0.00658324
-0.13093
-0.0503509
0.0428277
-0.0707733
0.0667009
-0.0997267
-0.115892
0.0257651
-0.0701576
0.0128227
0.0241187
0.0531302
-0.0263874
-0.00912942
-0.0957179
0.084251
-0.0798203
0.00309573
-0.0454187
-0.0128342
-0.000162879
0.0528661
-0.0699493
0.0295713
0.0552434
0.0226368
0.0487473
-0.0104079
0.00300947
0.00819165
-0.067397
-0.0117154
0.0262046
-0.0869173
-0.0371009
0.0608452
-0.0343314
0.0519551
0.0154371
0.0717513
-0.0676401
0.0577536
-0.0400902
-0.0211526
-0.0012902
0.0303621
0.0719421
-0.014837
-0.00139076
0.00183521
0.00717016
-0.0602049
0.0742445
-0.00721642
0.0716621
-0.103069
0.0605144
0.0950672
-0.1188
-0.0827411
0.0505089
-0.0877671
0.0495447
-0.0253817
0.0977679
-0.0562627
0.0639203
-0.0377057
0.0789964
0.094925
-0.0886499
0.0475125
-0.0405035
-0.0459725
-0.0723184
-0.0327795
-0.108451
-0.0862492
-0.0344933
-0.114008
-0.117125
-0.205841
-0.175693
-0.0751179
0.0403575
0.000962298
-0.0894437
-0.0715425
-0.0753216
-0.0843853
-0.0464881
-0.0761896
0.0531917
-0.0101327
-0.0544402
-0.0351987
-0.0563324
-0.0532486
0.0960202
0.0687712
0.0808456
0.0497802
-0.0686045
-0.125223
-0.13104
0.11274
0.0999936
-0.00709779
-0.0513311
-0.10116
-0.0827619
-0.0974598
-0.0400609
0.0722532
-0.0813701
0.012182
-0.0405381
-0.0131664
0.0408819
0.058999
-0.0231535
-0.0327136
0.0246498
-0.0576063
-0.0672887
-0.0307538
-0.0679491
0.00954964
0.0197261
-0.0439472
-0.118103
0.0305142
-0.0409127
0.0301797
0.0880639
-0.102807
-0.149038
-0.0406302
-0.107258
-0.124529
0.0422171
0.117642
0.0334771
-0.100926
-0.0883058
0.0246968
0.0732261
0.0570925
0.0833968
-0.0103512
0.0836362
0.0185903
-0.0865585
0.0759313
0.0469311
0.0784068
0.0621841
-0.0397143
0.0280572
0.0455548
0.0538649
0.0212636
-0.0174962
0.112502
-0.0688394
-0.0467289
-0.0499662
-0.119358
0.00161209
-0.0155619
0.0322377
-0.106126
-0.0821834
-0.00756894
0.0137988
0.0978688
-0.0261659
0.0653712
-0.0389623
0.0838725
0.06932
-0.00627769
0.0329146
-0.00418081
0.0840734
-0.0506164
-0.0132354
0.0263725
-0.0708532
0.0691962
0.0103356
0.0409187
-0.00721433
-0.0807657
0.0332387
-0.00768339
-0.0399745
0.0173341
0.0092487
-0.0375238
0.029336
0.0564038
-0.0754952
-0.0560654
0.0919649
0.0981623
0.0728562
-0.035805
-0.00223582
0.0670294
0.0603046
0.0927329
0.0946687
0.0345182
-0.0240906
-0.00558484
-0.0160299
-0.116017
0.159152
0.12959
-0.077854
0.0273173
-0.0224122
-0.0130953
-0.146824
-0.0419852
0.0766394
0.0568703
-0.0606168
0.0525211
0.0978179
0.00373874
0.00845039
0.0194353
-0.0620691
0.018812
0.0743793
-0.00240903
-0.0195462
0.0940123
0.0129655
-0.0631041
-0.0125245
0.0601599
-0.0272663
-0.0855329
-0.0554847
0.0121251
0.0217938
0.0610776
-0.0228804
-0.108664
-0.170766
-0.0649789
-0.0404083
-0.026023
0.0183966
-0.0156177
-0.0207814
0.0126644
-0.0349615
0.0518389
0.0316666
0.0907491
0.0662617
0.0370317
0.0410808
0.0367912
0.0229758
-0.00882599
0.0197323
0.0805199
0.0816019
-0.0534926
0.0242447
0.00903374
-0.0737218
-0.101788
-0.0978649
-0.0342128
-0.051591
-0.100993
-0.0525086
-0.0840038
-0.047431
-0.0306835
0.0973787
-0.0303148
0.00573376
0.00897905
0.0425657
-0.078144
0.0525088
0.0835997
0.0192326
-0.0990427
0.00787589
0.00760515
-0.0832424
-0.0965347
0.0294254
0.0119961
-0.0126819
-0.0490652
-0.0156206
0.0106862
-0.00137266
0.0137496
0.0260719
-0.0194253
0.0270824
-0.0589642
-0.0779974
0.047219
0.0425111
-0.0658114
-0.0390316
0.00673624
0.0513069
-0.086016
-0.0876658
0.0576861
-0.0919274
-0.0757779
-0.0438948
0.000147363
0.0256932
-0.0241541
0.003711
-0.0298968
0.0389729
0.117448
-0.111223
0.00773996
-0.0889939
0.0444715
0.0843875
0.104697
0.0569286
-0.0808534
-0.0065386
0.0925419
0.0598363
-0.0555124
-0.0406947
-0.0397145
-0.0177849
-0.0541104
-0.0544406
0.0414711
0.0706092
-0.051844
-0.0563563
-0.0153559
-0.0285149
-0.0830155
-0.108196
0.0516329
0.0162784
-0.0442697
0.0234099
-0.0270644
-0.223287
-0.219999
0.0647566
0.049298
0.0686584
0.0692533
-0.0277045
0.0660129
-0.0443285
-0.048231
0.0975945
0.00621862
-0.0280547
0.0721039
0.0400005
-0.0347614
-0.0570064
-0.0867446
0.0879107
0.0155789
-0.0881996
0.0682734
0.10919
0.0290057
0.155402
0.0412929
-0.0763319
0.0161593
-0.0689591
-0.0366495
-0.0155852
-0.0639382
0.0117541
0.0625312
0.0530483
-0.086383
0.0734692
-0.0860968
0.0639224
-0.0853814
0.0943653
0.0714403
0.0946891
-0.074154
0.0188881
0.0757114
0.0725118
-0.0833493
-0.0934796
-0.070098
0.00739456
0.0883212
0.0458807
0.017442
-0.0933439
-0.033255
0.0484615
-0.0471111
0.0482889
-0.0134298
-0.0650158
-0.0174043
0.0873323
-0.0517378
0.0378425
-0.0816463
-0.0737227
0.0112356
0.051519
-0.0825559
0.080713
0.0607664
0.0631301
-0.0390239
0.0366529
0.0855327
-0.0996445
-0.0145546
0.0119522
-0.00891935
-0.0164499
-0.0984208
0.00741399
0.0488394
0.00873877
0.00443857
0.0268873
0.149813
0.0148062
-0.0280855
0.061758
0.085145
0.0470048
0.077075
0.00389453
-0.045926
-0.0235426
-0.0415264
-0.0738165
-0.000324089
-0.0718358
0.097339
-0.0806496
-0.0464956
0.00163281
0.0301951
-0.00969293
0.00659807
0.0706601
-0.0812475
-0.116008
-0.124954
-0.0301557
0.130788
0.125128
0.0270938
0.0683263
0.0297091
-0.00521156
0.0537174
-0.0592356
-0.0612712
-0.0703902
0.0989998
0.0241707
0.0914157
0.0815749
-0.0590429
-0.0639806
0.0974728
0.0445867
-0.0543386
-0.0332361
-0.0970286
0.0403097
0.126541
-0.00949593
0.0474841
0.0225238
0.0999492
0.0409956
0.0164175
0.126088
0.000689789
0.0838586
0.0123437
-0.034763
-0.0941335
-0.0597234
-0.0630956
0.0379748
0.0795057
-0.0704903
-0.034411
-0.0632999
0.0400897
-0.016549
-0.0593231
-0.096662
0.0988754
-0.0438811
0.0946715
-0.0756266
0.123553
0.0574224
-0.00365686
0.135459
-0.0120597
0.0572446
-0.00910535
-0.081479
0.021805
-0.0341598
-0.012532
0.0806959
0.0298092
-0.0181696
-0.00447719
-0.00555057
-0.0119362
-0.0373149
-0.0390175
-0.0180849
0.00618094
-0.0163006
0.0462895
0.0748653
0.0764319
0.0935511
0.0935688
0.0403668
-0.0499486
0.0629325
0.0730449
0.0971895
0.0467108
-0.0680736
0.0527564
-0.0894394
-0.0715241
0.0145874
0.00386073
0.0666629
0.0487165
0.0259137
-0.0475517
0.064082
-0.0758015
0.0739964
0.0283933
-0.0226541
-0.0147841
-0.030729
-0.0865181
0.0577028
-0.0490906
0.0968636
-0.037153
0.00384966
0.0217812
-0.0192103
0.0570936
-0.0323981
9.34081e-05
0.0442138
-0.0261552
0.0909941
-0.0897175
-0.0975566
0.0726331
0.0133133
-0.038117
-0.00599981
0.0870487
0.0529581
-0.0194129
-0.0113755
0.0336286
-0.00174086
-0.0724937
-0.0743769
-0.021348
-0.0160838
-0.00299018
0.0412678
-0.024129
-0.0643444
-0.0926444
-0.0517661
-0.0451957
0.0866946
-0.0185522
0.0274613
-0.0676672
0.0783159
0.039613
-0.0184832
0.05109
0.0421296
-0.0244268
-0.11127
-0.035386
0.0886807
0.0806596
-0.0184174
0.0677082
0.0721404
-0.0964898
0.0701284
0.0905977
-0.0480796
-0.0196706
0.0764989
-0.0916304
0.0752448
0.0728773
-0.0704426
0.0265272
0.0541781
0.0173856
-0.0542326
-0.0363454
0.0670002
0.00799306
0.0350379
0.0620074
-0.00532602
-0.108519
0.0787343
-0.0221422
0.073514
-0.0789802
0.0835831
0.0158205
0.0415166
-0.0459952
-0.0656764
0.0842815
0.0434525
0.0170378
-0.090893
-0.0342457
-0.0218397
-0.0382568
0.0153198
-0.00333147
-0.0925316
-0.0212152
0.0470984
-0.0180565
-0.10793
-0.110679
-0.0887703
-0.072823
-0.0576389
-0.115998
0.000332135
0.0293783
-0.0388411
0.02103
0.0574355
0.0864903
0.0339393
0.0282315
-0.00135963
0.00438387
-0.0411027
-0.0152366
0.0759176
0.0567968
-0.0792417
-0.057618
0.0967825
-0.0357499
-0.115043
0.075524
0.0119269
-0.11049
-0.115269
-0.0662518
-0.111667
0.00631032
0.0415156
-0.0661626
-0.0912339
-0.0324947
-0.093441
-0.0715445
0.028432
-0.0194648
0.0777444
0.0609541
-0.0305056
0.054957
-0.0967875
0.095554
0.078707
0.0343769
-0.0831156
0.020076
0.0613919
0.00740235
-0.000253572
-0.0260134
0.0509448
0.0147626
0.0162957
-0.00362533
-0.00968414
0.0298515
0.0116898
-0.103292
-0.098364
-0.0514859
-0.0138139
0.028723
-0.0759123
-0.0219987
-0.0341834
-0.0345809
-0.0892407
0.0593241
0.00300756
-0.0616908
0.0374582
0.0853732
-0.0211978
0.0388731
-0.0823578
0.0248508
-0.00593608
-0.018141
0.0814351
-0.00633168
0.107059
0.0592134
0.0604144
-0.106946
-0.0583823
-0.00529181
-0.000349537
0.0164598
-0.00917119
0.0460794
0.0567741
0.0835467
-0.0657263
-0.0517628
0.00582816
0.0593117
-0.0173343
0.0196818
-0.0536724
0.0742087
0.00305768
-0.0893572
0.0506704
0.129979
0.0895274
-0.0144536
-0.0409484
0.110923
0.0987633
-0.0309685
0.075101
-0.0321769
0.0604802
-0.0939946
-0.120735
-0.0384806
0.0750033
0.014018
0.057689
0.0428421
-0.0988934
-0.0269487
-0.0818073
-0.0977154
-0.0615121
-0.0454536
0.0825557
0.0584892
0.0996473
-0.0139151
0.0358157
-0.0210191
0.0641415
-0.125963
0.0719325
-0.0253472
0.0916857
-0.0336162
-0.132033
-0.102875
-0.0288585
-0.0787516
-0.0145043
0.0244155
0.0506055
0.0228443
-0.0464151
-0.0654322
0.08034
0.061537
0.00858392
0.068398
-0.0258851
-0.0995884
-0.0191094
0.120842
0.0753778
0.0171659
-0.0158075
-0.111627
-0.138929
-0.134672
-0.003474
-0.060445
-0.0855934
-0.00134442
0.0401824
0.0383228
-0.105767
-0.0162652
-0.077902
0.0761521
0.0858574
-0.0391656
0.0360326
-0.0992719
-0.0666338
-0.0920254
0.0945928
0.0646741
0.0595068
-0.0942321
-0.0970957
0.142916
0.128252
0.0115725
-0.159029
-0.199573
-0.00609722
-0.161403
-0.0576116
-0.0893172
-0.0606641
0.0177633
-0.0174788
-0.0608216
-0.0280235
-0.0202556
-0.0909108
-0.0588498
0.014872
-0.0460339
0.0148167
-0.0581453
-0.0485221
-0.0677248
0.0615736
0.0367814
-0.0665287
0.0683667
0.151554
-0.066346
0.0283
0.00568902
0.0137334
-0.0737687
-0.152732
-0.21785
-0.083025
-0.00204547
-0.0149358
0.0913821
0.0548208
-0.139747
-0.00638604
-0.0904309
0.0338664
0.0721464
-0.0251214
0.0871883
-0.0497443
-0.0554959
-0.0708671
-0.0104153
-0.080876
0.0751443
0.0814275
0.0694218
0.142389
0.0131639
-0.0178872
-0.128805
-0.0517636
-0.0950468
-0.107275
-0.163189
-0.0815933
-0.0665084
-0.057476
-0.127845
0.0700761
-0.0698165
-0.0413379
0.0852421
0.0535865
-0.0519868
0.0385695
0.0781749
-0.0542489
0.00830259
-0.0486666
-0.0619433
-0.0891663
-0.0255868
-0.0312696
-0.071467
0.0344115
0.047806
-0.0786891
-0.127505
-0.032468
-0.0371149
0.0414167
-0.0125517
0.00293446
-0.149935
-0.0558509
0.00313946
-0.11129
0.0186874
0.0380838
-0.0775696
0.0177205
0.0746438
-0.0069111
0.0385079
0.0763417
-0.0857835
-0.0502738
0.098892
-0.00560668
0.0886579
0.0254562
0.0517691
0.0846485
0.0194742
0.0935656
-0.0415821
-0.0194281
-0.00114266
0.00533874
-0.0513599
-0.0854675
-0.0858923
-0.0353001
-0.0161007
0.0481814
-0.0377853
0.0515521
-0.101807
-0.0284277
0.0130545
-0.047243
-0.0999927
-0.0167476
0.0407253
0.0677852
0.0692426
0.0736875
0.0649197
-0.0716375
0.0411647
-0.0147301
0.126953
0.0839105
0.0948625
-0.0764027
-0.0143755
-0.114028
-0.0414805
0.0386635
0.0207814
0.0422238
-0.162578
-0.0869738
-0.0731551
-0.0108325
-0.0367344
0.0282457
0.0633026
-0.0820709
-0.0976259
-0.0405916
0.0938986
-0.0890518
-0.0952905
-0.069163
0.0303715
0.0228615
0.0352744
0.0602274
-0.0196363
-0.0384942
0.112376
0.0831852
-0.0105269
-0.0143324
-0.0644022
0.0586663
-0.00269576
-0.140656
-0.133452
-0.0964756
0.0591899
-0.129885
0.0466372
-0.0180006
-0.0590402
0.030796
-0.039579
0.028568
0.0507423
0.0750723
0.033198
0.0495705
-0.0886953
-0.0606667
0.0823735
-0.0848517
-0.0515283
-0.0970499
0.102144
0.100183
0.0967603
0.0474265
-0.0604514
0.00326364
-0.0911503
-0.0376645
8.44934e-05
0.0633358
0.0702612
-0.0933895
-0.00467842
0.0101806
-0.0908856
-0.0637946
0.0856563
-0.0521514
0.0297785
0.0747074
0.0683541
0.00193201
-0.0913553
0.0317987
0.0897067
0.0450753
-0.0245882
-0.0427477
-0.0281489
-0.151508
-0.129542
-0.00363272
-0.0646896
0.0342281
-0.097181
-0.0899137
-0.110555
-0.0991643
-0.0105522
-0.066198
-0.0557845
0.0876559
0.00643102
0.0869668
0.0275243
-0.0110481
-0.0136327
0.00553723
0.0759011
-0.061598
0.0122429
0.00936916
-0.0398816
0.0602038
-0.0967444
-0.0882936
0.0168223
-0.127526
-0.0778585
-0.0105767
0.0340498
-0.0879394
-0.0579764
0.0497062
-0.0508551
0.021254
-0.0150425
0.0893381
0.0907502
0.0215833
-0.0083481
-0.0313338
0.0362701
-0.000422753
0.0941921
-0.0216571
-0.0942873
-0.0850038
7.71636e-05
-0.0339049
-0.0728107
0.0693823
0.0806119
-0.0633935
-0.00223483
0.00830959
0.0140966
-0.0982024
0.0242496
0.0110069
0.0819543
-0.135452
-0.11594
0.0774823
0.0273012
-0.0648812
-0.0982755
0.0176421
-0.0847653
-0.0810534
0.0994745
-0.0735777
0.0374884
0.0192083
0.0579882
-0.0504225
-0.0442348
-0.00578045
-0.0540497
0.0642296
-0.0153727
-0.112987
0.0774514
0.0643753
-0.0573376
0.0992803
0.133129
-0.0716493
-0.0981376
-0.0968159
-0.0338897
-0.0908688
0.0340356
-0.090682
-0.0702398
0.01801
0.0912747
0.0736853
0.092668
-0.00425426
-0.0373664
0.0731775
-0.0563162
-0.0112725
-0.0298461
0.0561651
0.0181285
0.0156258
-0.024675
-0.0364517
0.0810483
0.0505969
-0.0673571
-0.0443054
0.0715196
0.121384
-0.0117035
-0.0894255
0.0698837
-0.112968
-0.0513807
-0.0253843
0.0384675
0.0301833
0.00518404
-0.0355149
-0.037098
0.0497199
0.0100278
0.0397612
-0.0458395
-0.0337062
-0.0558627
-0.0360919
-0.0899045
-0.0235024
0.0960427
-0.0195381
0.0944338
0.0207113
-0.0637557
-0.0201503
0.0652175
0.1495
-0.0613028
0.085399
0.00846263
-0.0131459
-0.0321671
-0.00672043
0.0761509
0.0571245
-0.0234256
-0.0400554
-0.0611696
0.0484078
0.0437503
0.0123086
0.0677594
-0.0203805
-0.00640885
-0.0380416
0.00819536
-0.0446244
-0.0730505
-0.0174285
-0.0939526
0.0782653
-0.0539442
0.0354309
0.109578
0.105536
-0.0657879
0.0540437
-0.0409652
0.0281861
0.0531724
0.00655276
-0.00563914
-0.0384687
0.0139186
0.034285
0.0670016
-0.0354823
-0.0373579
0.0742774
0.0382995
0.0993666
-0.00278518
0.0149635
0.0218182
-0.0975354
0.0570811
-0.0455138
-0.00246809
-0.0121646
-0.0755855
0.0443508
0.0152058
0.034577
0.0707626
0.00199997
0.0963205
0.00316824
-0.00571319
-0.0539818
0.0519506
-0.0700094
0.000752053
0.0857456
-0.0383982
0.075473
-0.0985835
-0.0325456
-0.064846
-0.00779777
0.0789588
0.04807
-0.0467249
-0.02464
0.0929636
-0.0697263
-0.0888788
-0.0921139
0.0397326
0.0585567
0.12861
-0.102182
0.0367148
0.0794287
0.044052
-0.0271782
-0.0989861
0.0326409
0.07293
-0.00455884
-0.0308799
0.0231576
-0.0904248
-0.0438332
